test_data/proc/CTD03_avg.cnv
* Sea-Bird SBE 9 Data File:
* FileName = D:\ctd\raw\CTD03.hdr
* Software Version Seasave V 7.27.0.46
* Temperature SN = 4695
* Conductivity SN = 0618
* Number of Bytes Per Scan = 40
* Number of Voltage Words = 5
* Number of Scans Averaged by the Deck Unit = 1
* NMEA Latitude = 36 15.03 N
* NMEA Longitude = 066 35.01 W
* NMEA UTC (Time) = Jul 24 2025  09:45:19
* NMEA baud rate = 4800
** Ship: R/V Endeavor
** Cruise: EN734
** Principal Investigators: Bess Ward
** Chief_Scientist: Bess Ward
** Project: Nitrous Oxide Consumption in Surface Waters
** Cruise Start Date: 21 July 2025
** Ports: Narragansett to Narragansett, Rhode Island
** Bottom Depth:
** Operator:
# nquan = 22
# nvalues = 1921                        
# units = specified
# name 0 = scan: Scan Count
# name 1 = timeJ: Julian Days
# name 2 = timeS: Time, Elapsed [seconds]
# name 3 = prDM: Pressure, Digiquartz [db]
# name 4 = t090C: Temperature [ITS-90, deg C]
# name 5 = t190C: Temperature, 2 [ITS-90, deg C]
# name 6 = T2-T190C: Temperature Difference, 2 - 1 [ITS-90, deg C]
# name 7 = c0S/m: Conductivity [S/m]
# name 8 = c1S/m: Conductivity, 2 [S/m]
# name 9 = altM: Altimeter [m]
# name 10 = pumps: Pump Status
# name 11 = C2-C1S/m: Conductivity Difference, 2 - 1 [S/m]
# name 12 = depSM: Depth [salt water, m]
# name 13 = depSM: Depth [salt water, m], lat = 36.2505
# name 14 = sal00: Salinity, Practical [PSU]
# name 15 = sigma-é00: Density [sigma-theta, kg/m^3]
# name 16 = potemp090C: Potential Temperature [ITS-90, deg C]
# name 17 = svCM: Sound Velocity [Chen-Millero, m/s]
# name 18 = svCM1: Sound Velocity, 2 [Chen-Millero, m/s]
# name 19 = dz/dtM: Descent Rate [m/s], WS = 2
# name 20 = nbin: number of scans per bin
# name 21 = flag: flag
# span 0 =       1976,      51985       
# span 1 = 205.407457, 205.431574       
# span 2 =     82.302,   2166.016       
# span 3 =      8.059,   1951.297       
# span 4 =     4.0416,    27.5183       
# span 5 =     4.0414,    27.5183       
# span 6 =    -0.0068,     0.0433       
# span 7 =   3.342189,   5.757246       
# span 8 =   3.340972,   5.755629       
# span 9 =      -1.58,      44.90       
# span 10 =          1,          1      
# span 11 =  -0.003221,   0.003278      
# span 12 =      8.000,   1928.000      
# span 13 =      8.000,   1928.000      
# span 14 =    34.9828,    36.7672      
# span 15 =    23.5390,    27.7864      
# span 16 =     3.8784,    27.5143      
# span 17 =    1493.48,    1542.05      
# span 18 =    1493.46,    1542.04      
# span 19 =     -0.177,      1.432      
# span 20 =         15,       2520      
# span 21 = 0.0000e+00, 0.0000e+00      
# interval = meters: 1                  
# start_time = Jul 24 2025 09:45:22 [System UTC, header]
# bad_flag = -9.990e-29
*END*
[from data line 1844]
      49768 205.430505   2073.607   1874.039     4.1254     4.1253    -0.0002   3.346981   3.345777      22.06          1  -0.001185   1852.000   1852.000    34.9877    27.7798     3.9684    1498.15    1498.13      0.940         28 0.0000e+00
      49794 205.430517   2074.697   1875.055     4.1236     4.1234    -0.0003   3.346839   3.345620       0.77          1  -0.001204   1853.000   1853.000    34.9874    27.7797     3.9665    1498.16    1498.14      0.926         24 0.0000e+00
      49820 205.430530   2075.778   1876.072     4.1201     4.1199    -0.0002   3.346535   3.345322       0.63          1  -0.001196   1854.000   1854.000    34.9871    27.7798     3.9629    1498.16    1498.14      1.004         25 0.0000e+00
      49842 205.430541   2076.721   1877.088     4.1192     4.1189    -0.0003   3.346489   3.345261       0.87          1  -0.001226   1855.000   1855.000    34.9870    27.7799     3.9619    1498.18    1498.16      1.151         21 0.0000e+00
      49862 205.430550   2077.562   1878.105     4.1182     4.1177    -0.0005   3.346413   3.345193       0.65          1  -0.001219   1856.000   1856.000    34.9867    27.7798     3.9608    1498.19    1498.17      1.208         19 0.0000e+00
      49883 205.430560   2078.412   1879.121     4.1180     4.1176    -0.0004   3.346441   3.345216       0.62          1  -0.001226   1857.000   1857.000    34.9868    27.7799     3.9605    1498.21    1498.19      1.121         22 0.0000e+00
      49907 205.430572   2079.413   1880.137     4.1167     4.1164    -0.0003   3.346351   3.345138       0.88          1  -0.001195   1858.000   1858.000    34.9866    27.7799     3.9592    1498.22    1498.20      0.935         26 0.0000e+00
      49935 205.430585   2080.566   1881.154     4.1149     4.1147    -0.0002   3.346215   3.345010       0.63          1  -0.001209   1859.000   1859.000    34.9864    27.7799     3.9573    1498.23    1498.21      0.945         26 0.0000e+00
      49958 205.430597   2081.545   1882.170     4.1142     4.1139    -0.0002   3.346179   3.344970       0.70          1  -0.001202   1860.000   1860.000    34.9863    27.7799     3.9565    1498.24    1498.22      1.150         20 0.0000e+00
      49978 205.430606   2082.361   1883.187     4.1139     4.1135    -0.0004   3.346202   3.344980       0.66          1  -0.001225   1861.000   1861.000    34.9863    27.7799     3.9561    1498.26    1498.24      1.229         20 0.0000e+00
      49998 205.430616   2083.202   1884.203     4.1159     4.1155    -0.0003   3.346452   3.345246      23.58          1  -0.001226   1862.000   1862.000    34.9867    27.7801     3.9579    1498.28    1498.26      1.131         22 0.0000e+00
      50022 205.430627   2084.216   1885.219     4.1156     4.1154    -0.0002   3.346468   3.345262      25.68          1  -0.001203   1863.000   1863.000    34.9867    27.7801     3.9576    1498.30    1498.28      0.893         27 0.0000e+00
      50052 205.430642   2085.466   1886.236     4.1185     4.1178    -0.0007   3.346844   3.345593       0.11          1  -0.001285   1864.000   1864.000    34.9876    27.7805     3.9603    1498.33    1498.31      0.866         28 0.0000e+00
      50077 205.430654   2086.507   1887.252     4.1234     4.1224    -0.0010   3.347433   3.346150       0.76          1  -0.001314   1865.000   1865.000    34.9889    27.7810     3.9650    1498.37    1498.34      1.080         22 0.0000e+00
      50098 205.430664   2087.389   1888.269     4.1240     4.1237    -0.0004   3.347557   3.346332       0.90          1  -0.001230   1866.000   1866.000    34.9891    27.7812     3.9656    1498.39    1498.37      1.170         21 0.0000e+00
      50119 205.430674   2088.251   1889.285     4.1223     4.1221    -0.0003   3.347420   3.346195       0.83          1  -0.001193   1867.000   1867.000    34.9888    27.7812     3.9638    1498.40    1498.38      1.136         20 0.0000e+00
      50142 205.430685   2089.192   1890.302     4.1157     4.1158     0.0000   3.346797   3.345612       0.85          1  -0.001149   1868.000   1868.000    34.9880    27.7812     3.9572    1498.38    1498.37      1.036         23 0.0000e+00
      50166 205.430697   2090.211   1891.318     4.1135     4.1133    -0.0002   3.346622   3.345401       0.85          1  -0.001223   1869.000   1869.000    34.9877    27.7812     3.9549    1498.39    1498.37      1.004         24 0.0000e+00
      50190 205.430708   2091.205   1892.335     4.1100     4.1099 -3.430e-07   3.346306   3.345120      22.60          1  -0.001159   1870.000   1870.000    34.9873    27.7813     3.9513    1498.39    1498.38      1.039         24 0.0000e+00
      50213 205.430720   2092.178   1893.351     4.1082     4.1082    -0.0000   3.346189   3.345001       3.05          1  -0.001188   1871.000   1871.000    34.9873    27.7814     3.9495    1498.40    1498.38      1.050         21 0.0000e+00
      50236 205.430731   2093.145   1894.367     4.1078     4.1076    -0.0002   3.346180   3.344979       0.58          1  -0.001196   1872.000   1872.000    34.9872    27.7814     3.9490    1498.42    1498.40      1.036         21 0.0000e+00
      50260 205.430742   2094.126   1895.384     4.1072     4.1071    -0.0002   3.346168   3.344959       0.81          1  -0.001204   1873.000   1873.000    34.9871    27.7814     3.9483    1498.43    1498.42      1.027         24 0.0000e+00
      50284 205.430754   2095.123   1896.400     4.1055     4.1049    -0.0006   3.346039   3.344787      14.38          1  -0.001231   1874.000   1874.000    34.9870    27.7815     3.9465    1498.44    1498.42      1.033         24 0.0000e+00
      50307 205.430765   2096.101   1897.417     4.1030     4.1027    -0.0003   3.345852   3.344624      12.59          1  -0.001225   1875.000   1875.000    34.9869    27.7817     3.9440    1498.45    1498.43      1.042         23 0.0000e+00
      50331 205.430776   2097.082   1898.433     4.1025     4.1027     0.0002   3.345833   3.344664       0.42          1  -0.001155   1876.000   1876.000    34.9867    27.7816     3.9434    1498.47    1498.45      1.021         24 0.0000e+00
      50355 205.430788   2098.091   1899.450     4.0959     4.0959     0.0001   3.345186   3.343991       0.59          1  -0.001091   1877.000   1877.000    34.9856    27.7814     3.9368    1498.45    1498.43      1.018         24 0.0000e+00
      50379 205.430799   2099.066   1900.466     4.0824     4.0822    -0.0002   3.343875   3.342666       0.72          1  -0.001180   1878.000   1878.000    34.9839    27.7815     3.9234    1498.41    1498.39      1.079         23 0.0000e+00
      50400 205.430810   2099.978   1901.483     4.0786     4.0783    -0.0003   3.343516   3.342288       0.76          1  -0.001195   1879.000   1879.000    34.9832    27.7813     3.9195    1498.41    1498.39      1.115         21 0.0000e+00
      50423 205.430821   2100.897   1902.499     4.0770     4.0765    -0.0005   3.343402   3.342161       0.62          1  -0.001241   1880.000   1880.000    34.9831    27.7814     3.9178    1498.42    1498.40      1.096         24 0.0000e+00
      50445 205.430831   2101.830   1903.516     4.0803     4.0790    -0.0014   3.343790   3.342483       0.84          1  -0.001336   1881.000   1881.000    34.9837    27.7815     3.9210    1498.45    1498.43      1.108         21 0.0000e+00
      50466 205.430842   2102.728   1904.532     4.0800     4.0799    -0.0001   3.343800   3.342610       0.64          1  -0.001188   1882.000   1882.000    34.9837    27.7815     3.9206    1498.47    1498.45      1.135         21 0.0000e+00
      50488 205.430852   2103.632   1905.549     4.0788     4.0785    -0.0003   3.343732   3.342511       0.69          1  -0.001218   1883.000   1883.000    34.9836    27.7816     3.9194    1498.48    1498.46      1.056         23 0.0000e+00
      50514 205.430865   2104.721   1906.565     4.0783     4.0781    -0.0003   3.343722   3.342515       0.58          1  -0.001204   1884.000   1884.000    34.9835    27.7816     3.9188    1498.50    1498.48      0.835         31 0.0000e+00
      50547 205.430880   2106.071   1907.582     4.0784     4.0779    -0.0005   3.343773   3.342543       0.58          1  -0.001233   1885.000   1885.000    34.9836    27.7817     3.9187    1498.51    1498.49      0.808         29 0.0000e+00
      50573 205.430893   2107.152   1908.598     4.0781     4.0777    -0.0004   3.343791   3.342566       0.65          1  -0.001225   1886.000   1886.000    34.9836    27.7817     3.9184    1498.53    1498.51      1.069         22 0.0000e+00
      50594 205.430903   2108.025   1909.615     4.0777     4.0773    -0.0004   3.343791   3.342566       0.67          1  -0.001225   1887.000   1887.000    34.9835    27.7817     3.9179    1498.54    1498.52      1.207         21 0.0000e+00
      50613 205.430913   2108.847   1910.632     4.0771     4.0770    -0.0002   3.343768   3.342577       0.90          1  -0.001197   1888.000   1888.000    34.9834    27.7817     3.9172    1498.56    1498.54      1.221         18 0.0000e+00
      50634 205.430922   2109.698   1911.648     4.0748     4.0747    -0.0001   3.343583   3.342384       0.71          1  -0.001171   1889.000   1889.000    34.9832    27.7817     3.9148    1498.57    1498.55      1.149         22 0.0000e+00
      50656 205.430933   2110.630   1912.665     4.0732     4.0731    -0.0001   3.343462   3.342269       0.72          1  -0.001192   1890.000   1890.000    34.9830    27.7818     3.9131    1498.58    1498.56      1.049         23 0.0000e+00
      50681 205.430945   2111.648   1913.681     4.0723     4.0720    -0.0003   3.343417   3.342208       0.67          1  -0.001208   1891.000   1891.000    34.9829    27.7818     3.9121    1498.59    1498.57      0.980         26 0.0000e+00
      50706 205.430957   2112.692   1914.698     4.0717     4.0714    -0.0003   3.343399   3.342188       0.68          1  -0.001203   1892.000   1892.000    34.9828    27.7818     3.9114    1498.60    1498.59      1.000         22 0.0000e+00
      50729 205.430968   2113.673   1915.714     4.0713     4.0711    -0.0002   3.343416   3.342228       0.73          1  -0.001215   1893.000   1893.000    34.9829    27.7819     3.9110    1498.62    1498.60      1.082         23 0.0000e+00
      50751 205.430979   2114.575   1916.731     4.0750     4.0745    -0.0005   3.343859   3.342639       0.96          1  -0.001258   1894.000   1894.000    34.9838    27.7823     3.9145    1498.65    1498.63      1.163         20 0.0000e+00
      50771 205.430989   2115.426   1917.748     4.0815     4.0810    -0.0005   3.344604   3.343388       0.67          1  -0.001258   1895.000   1895.000    34.9853    27.7828     3.9208    1498.70    1498.68      1.160         22 0.0000e+00
      50793 205.430999   2116.343   1918.764     4.0798     4.0796    -0.0002   3.344495   3.343276       0.60          1  -0.001202   1896.000   1896.000    34.9852    27.7829     3.9190    1498.71    1498.69      1.035         24 0.0000e+00
      50819 205.431012   2117.432   1919.781     4.0782     4.0778    -0.0004   3.344389   3.343155       0.66          1  -0.001224   1897.000   1897.000    34.9852    27.7831     3.9173    1498.72    1498.70      0.879         28 0.0000e+00
      50848 205.431026   2118.625   1920.797     4.0731     4.0739     0.0008   3.343933   3.342818       0.63          1  -0.001091   1898.000   1898.000    34.9847    27.7832     3.9122    1498.71    1498.70      0.889         26 0.0000e+00
      50874 205.431038   2119.691   1921.814     4.0715     4.0722     0.0007   3.343813   3.342695       0.79          1  -0.001115   1899.000   1899.000    34.9845    27.7833     3.9105    1498.73    1498.71      1.012         25 0.0000e+00
      50896 205.431049   2120.638   1922.831     4.0713     4.0716     0.0003   3.343834   3.342683       0.73          1  -0.001154   1900.000   1900.000    34.9845    27.7833     3.9102    1498.74    1498.72      1.126         22 0.0000e+00
      50917 205.431059   2121.507   1923.847     4.0651     4.0653     0.0002   3.343276   3.342116       0.78          1  -0.001113   1901.000   1901.000    34.9839    27.7835     3.9041    1498.73    1498.71      1.181         20 0.0000e+00
      50938 205.431069   2122.356   1924.864     4.0644     4.0639    -0.0004   3.343245   3.342028       0.72          1  -0.001217   1902.000   1902.000    34.9839    27.7835     3.9032    1498.74    1498.73      1.159         20 0.0000e+00
      50959 205.431079   2123.268   1925.880     4.0643     4.0639    -0.0004   3.343280   3.342059       0.82          1  -0.001222   1903.000   1903.000    34.9839    27.7835     3.9031    1498.76    1498.74      1.084         21 0.0000e+00
      50983 205.431091   2124.247   1926.897     4.0642     4.0638    -0.0004   3.343316   3.342093       0.62          1  -0.001230   1904.000   1904.000    34.9839    27.7836     3.9029    1498.78    1498.76      0.995         25 0.0000e+00
      51009 205.431103   2125.319   1927.913     4.0644     4.0639    -0.0004   3.343389   3.342158      25.34          1  -0.001229   1905.000   1905.000    34.9841    27.7837     3.9029    1498.80    1498.78      0.948         25 0.0000e+00
      51033 205.431115   2126.350   1928.930     4.0645     4.0639    -0.0005   3.343484   3.342245      14.96          1  -0.001251   1906.000   1906.000    34.9846    27.7841     3.9030    1498.82    1498.79      1.044         23 0.0000e+00
      51056 205.431126   2127.276   1929.947     4.0648     4.0643    -0.0005   3.343572   3.342355      14.63          1  -0.001218   1907.000   1907.000    34.9848    27.7843     3.9032    1498.83    1498.82      1.149         20 0.0000e+00
      51076 205.431136   2128.138   1930.964     4.0646     4.0641    -0.0005   3.343603   3.342375       0.45          1  -0.001228   1908.000   1908.000    34.9849    27.7844     3.9029    1498.85    1498.83      1.155         21 0.0000e+00
      51098 205.431146   2129.047   1931.980     4.0632     4.0633     0.0001   3.343501   3.342327       0.69          1  -0.001152   1909.000   1909.000    34.9847    27.7844     3.9014    1498.86    1498.84      1.055         23 0.0000e+00
      51123 205.431159   2130.097   1932.997     4.0591     4.0588    -0.0003   3.343134   3.341912       0.60          1  -0.001206   1910.000   1910.000    34.9843    27.7845     3.8972    1498.86    1498.84      0.902         27 0.0000e+00
      51152 205.431173   2131.306   1934.013     4.0569     4.0569    -0.0001   3.342967   3.341757       0.75          1  -0.001206   1911.000   1911.000    34.9841    27.7845     3.8950    1498.87    1498.85      0.834         29 0.0000e+00
      51181 205.431186   2132.484   1935.030     4.0561     4.0559    -0.0002   3.342927   3.341720       0.84          1  -0.001203   1912.000   1912.000    34.9840    27.7846     3.8941    1498.88    1498.86      0.919         28 0.0000e+00
      51205 205.431198   2133.515   1936.047     4.0551     4.0550    -0.0001   3.342862   3.341674       0.74          1  -0.001177   1913.000   1913.000    34.9839    27.7846     3.8930    1498.89    1498.88      1.069         22 0.0000e+00
      51227 205.431208   2134.404   1937.063     4.0523     4.0521    -0.0003   3.342651   3.341434       0.62          1  -0.001199   1914.000   1914.000    34.9838    27.7848     3.8901    1498.90    1498.88      1.206         20 0.0000e+00
      51246 205.431218   2135.211   1938.080     4.0479     4.0479    -0.0000   3.342279   3.341092       0.62          1  -0.001163   1915.000   1915.000    34.9835    27.7850     3.8857    1498.90    1498.88      1.254         20 0.0000e+00
      51266 205.431227   2136.028   1939.097     4.0467     4.0465    -0.0002   3.342225   3.341017       0.75          1  -0.001208   1916.000   1916.000    34.9837    27.7853     3.8844    1498.91    1498.89      1.168         19 0.0000e+00
