test_data/proc/CTD01_avg.cnv
* Sea-Bird SBE 9 Data File:
* FileName = D:\ctd\raw\CTD01.hdr
* Software Version Seasave V 7.27.0.46
* Temperature SN = 4695
* Conductivity SN = 0618
* Number of Bytes Per Scan = 40
* Number of Voltage Words = 5
* Number of Scans Averaged by the Deck Unit = 1
* NMEA Latitude = 36 40.74 N
* NMEA Longitude = 066 55.59 W
* NMEA UTC (Time) = Jul 23 2025  22:33:38
* NMEA baud rate = 4800
** Ship: R/V Endeavor
** Cruise: EN734
** Principal Investigators: Bess Ward
** Chief_Scientist: Bess Ward
** Project: Nitrous Oxide Consumption in Surface Waters
** Cruise Start Date: 21 July 2025
** Ports: Narragansett to Narragansett, Rhode Island
** Bottom Depth:
** Operator:  JCH
# nquan = 22
# nvalues = 49                          
# units = specified
# name 0 = scan: Scan Count
# name 1 = timeJ: Julian Days
# name 2 = timeS: Time, Elapsed [seconds]
# name 3 = prDM: Pressure, Digiquartz [db]
# name 4 = t090C: Temperature [ITS-90, deg C]
# name 5 = t190C: Temperature, 2 [ITS-90, deg C]
# name 6 = T2-T190C: Temperature Difference, 2 - 1 [ITS-90, deg C]
# name 7 = c0S/m: Conductivity [S/m]
# name 8 = c1S/m: Conductivity, 2 [S/m]
# name 9 = altM: Altimeter [m]
# name 10 = pumps: Pump Status
# name 11 = C2-C1S/m: Conductivity Difference, 2 - 1 [S/m]
# name 12 = depSM: Depth [salt water, m]
# name 13 = depSM: Depth [salt water, m], lat = 36.679
# name 14 = sal00: Salinity, Practical [PSU]
# name 15 = sigma-é00: Density [sigma-theta, kg/m^3]
# name 16 = potemp090C: Potential Temperature [ITS-90, deg C]
# name 17 = svCM: Sound Velocity [Chen-Millero, m/s]
# name 18 = svCM1: Sound Velocity, 2 [Chen-Millero, m/s]
# name 19 = dz/dtM: Descent Rate [m/s], WS = 2
# name 20 = nbin: number of scans per bin
# name 21 = flag: flag
# span 0 =        435,       5608       
# span 1 = 204.940267, 204.942762       
# span 2 =     18.083,    233.630       
# span 3 =      7.052,     55.416       
# span 4 =    22.2186,    27.4760       
# span 5 =    22.2304,    27.4757       
# span 6 =    -0.0098,     0.0422       
# span 7 =   5.241601,   5.770145       
# span 8 =   5.240635,   5.768417       
# span 9 =       0.51,      13.04       
# span 10 =          1,          1      
# span 11 =  -0.002715,   0.007496      
# span 12 =      7.000,     55.008      
# span 13 =      7.000,     55.000      
# span 14 =    36.4352,    36.7339      
# span 15 =    23.6480,    25.4772      
# span 16 =    22.2075,    27.4732      
# span 17 =    1530.27,    1541.89      
# span 18 =    1530.28,    1541.88      
# span 19 =     -0.148,      0.788      
# span 20 =         29,        749      
# span 21 = 0.0000e+00, 0.0000e+00      
# interval = meters: 1                  
# start_time = Jul 23 2025 22:33:41 [System UTC, header]
# bad_flag = -9.990e-29
*END*
        435 204.940267     18.083      7.052    27.4693    27.4689    -0.0004   5.769111   5.767440       1.01          1  -0.001672      7.000      7.000    36.4367    23.6494    27.4676    1541.79    1541.78      0.024        726 0.0000e+00
       1324 204.940696     55.113      8.060    27.4727    27.4721    -0.0007   5.769583   5.767864      13.04          1  -0.001724      7.999      8.000    36.4371    23.6487    27.4709    1541.82    1541.80      0.334         74 0.0000e+00
       1393 204.940729     58.001      9.067    27.4739    27.4733    -0.0006   5.769794   5.768051       9.77          1  -0.001756      9.000      9.000    36.4374    23.6486    27.4718    1541.83    1541.82      0.549         42 0.0000e+00
       1444 204.940754     60.105     10.074    27.4747    27.4740    -0.0007   5.769908   5.768172      10.31          1  -0.001752      9.999     10.000    36.4373    23.6483    27.4724    1541.85    1541.84      0.445         55 0.0000e+00
       1489 204.940776     62.009     11.082    27.4754    27.4756     0.0002   5.770038   5.768395      11.68          1  -0.001658     11.003     11.000    36.4373    23.6482    27.4728    1541.87    1541.86      0.556         42 0.0000e+00
       1552 204.940806     64.604     12.089    27.4760    27.4757    -0.0003   5.770145   5.768417       8.86          1  -0.001722     11.998     12.000    36.4373    23.6480    27.4732    1541.89    1541.88      0.337         72 0.0000e+00
       1602 204.940830     66.688     13.097    27.4636    27.4585    -0.0051   5.768790   5.766327       0.70          1  -0.002100     12.998     13.000    36.4370    23.6520    27.4605    1541.88    1541.85      0.668         35 0.0000e+00
       1638 204.940847     68.193     14.104    27.4494    27.4396    -0.0098   5.767216   5.764331       0.61          1  -0.002715     14.002     14.000    36.4366    23.6563    27.4461    1541.86    1541.83      0.609         40 0.0000e+00
       1693 204.940874     70.518     15.112    27.4320    27.4285    -0.0035   5.765223   5.763156       0.71          1  -0.002063     15.001     15.000    36.4356    23.6613    27.4285    1541.84    1541.82      0.342         83 0.0000e+00
       1765 204.940909     73.514     16.119    27.4384    27.4352    -0.0032   5.766012   5.763823       0.73          1  -0.001896     15.992     16.000    36.4359    23.6595    27.4347    1541.87    1541.85      0.649         37 0.0000e+00
       1792 204.940922     74.628     17.127    27.3960    27.3925    -0.0035   5.761325   5.759150       0.71          1  -0.001899     17.006     17.000    36.4353    23.6728    27.3920    1541.79    1541.77      0.774         29 0.0000e+00
       1848 204.940949     76.968     18.134    27.3711    27.3733     0.0022   5.758637   5.757082      10.29          1  -0.001364     17.999     18.000    36.4352    23.6809    27.3669    1541.75    1541.75      0.321         73 0.0000e+00
       1897 204.940972     78.991     19.142    27.3306    27.3312     0.0006   5.754451   5.752726       4.88          1  -0.001499     18.999     19.000    36.4366    23.6952    27.3262    1541.68    1541.67      0.708         33 0.0000e+00
       1942 204.940994     80.885     20.149    27.3164    27.3163    -0.0001   5.753071   5.751351       1.14          1  -0.001653     20.002     20.000    36.4376    23.7006    27.3117    1541.67    1541.65      0.418         64 0.0000e+00
       2000 204.941022     83.272     21.157    27.3067    27.3067     0.0000   5.752243   5.750525       0.71          1  -0.001639     20.998     21.000    36.4390    23.7048    27.3018    1541.67    1541.65      0.550         42 0.0000e+00
       2048 204.941045     85.297     22.164    27.2795    27.2813     0.0018   5.749613   5.747881      11.67          1  -0.001358     22.001     22.000    36.4411    23.7153    27.2744    1541.62    1541.62      0.424         60 0.0000e+00
       2098 204.941069     87.366     23.172    26.6401    26.6823     0.0422   5.686581   5.681891       1.62          1   0.007496     22.996     23.000    36.4899    23.9568    26.6348    1540.24    1540.31      0.687         34 0.0000e+00
       2137 204.941088     89.010     24.180    25.8456    25.8553     0.0097   5.609692   5.607540       0.89          1   0.000701     24.004     24.000    36.5608    24.2612    25.8402    1538.50    1538.50      0.459         57 0.0000e+00
       2202 204.941119     91.717     25.187    25.6888    25.6880    -0.0008   5.594039   5.592187       0.66          1  -0.001443     24.994     25.000    36.5710    24.3181    25.6832    1538.16    1538.15      0.492         50 0.0000e+00
       2240 204.941138     93.302     26.195    25.5608    25.5692     0.0084   5.581456   5.579470       0.85          1   0.000055     26.002     26.000    36.5806    24.3653    25.5550    1537.89    1537.89      0.552         43 0.0000e+00
       2289 204.941161     95.351     27.202    25.0578    25.0738     0.0160   5.531489   5.529131      11.84          1   0.001952     26.998     27.000    36.6154    24.5467    25.0518    1536.74    1536.77      0.510         48 0.0000e+00
       2329 204.941180     96.987     28.210    24.7159    24.7196     0.0037   5.497283   5.495136       0.73          1  -0.000615     28.001     28.000    36.6369    24.6674    24.7098    1535.96    1535.96      0.669         35 0.0000e+00
       2373 204.941202     98.851     29.217    24.5550    24.5577     0.0027   5.481068   5.478899       0.69          1  -0.000789     29.001     29.000    36.6459    24.7231    24.5487    1535.60    1535.59      0.448         57 0.0000e+00
       2424 204.941226    100.940     30.225    24.3797    24.3823     0.0025   5.462091   5.460064       0.74          1  -0.000988     29.997     30.000    36.6457    24.7760    24.3733    1535.19    1535.18      0.656         36 0.0000e+00
       2464 204.941246    102.640     31.232    24.3235    24.3246     0.0011   5.457426   5.455644       0.77          1  -0.001489     31.003     31.000    36.6562    24.8009    24.3168    1535.08    1535.07      0.456         58 0.0000e+00
       2521 204.941273    104.997     32.240    24.2441    24.2522     0.0081   5.449829   5.447639       0.71          1  -0.000284     31.993     32.000    36.6634    24.8303    24.2372    1534.91    1534.91      0.629         38 0.0000e+00
       2550 204.941287    106.204     33.248    24.0130    24.0203     0.0073   5.424686   5.422736       0.73          1  -0.000139     33.003     33.000    36.6621    24.8985    24.0060    1534.36    1534.36      0.788         30 0.0000e+00
       2592 204.941307    107.968     34.255    23.9485    23.9504     0.0019   5.417665   5.415737       0.76          1  -0.001358     34.003     34.000    36.6615    24.9174    23.9412    1534.21    1534.20      0.448         60 0.0000e+00
       2651 204.941336    110.413     35.263    23.8421    23.8453     0.0032   5.406337   5.404366       3.35          1  -0.001072     34.996     35.000    36.6624    24.9498    23.8347    1533.97    1533.96      0.554         44 0.0000e+00
       2685 204.941352    111.850     36.270    23.7480    23.7508     0.0029   5.397084   5.394908      11.13          1  -0.001029     36.002     36.000    36.6691    24.9828    23.7404    1533.76    1533.75      0.699         33 0.0000e+00
       2730 204.941374    113.726     37.278    23.6676    23.6684     0.0008   5.387079   5.385126       1.18          1  -0.001510     37.001     37.000    36.6586    24.9987    23.6598    1533.57    1533.55      0.437         59 0.0000e+00
       2783 204.941400    115.934     38.286    23.5370    23.5411     0.0041   5.372224   5.370012       0.70          1  -0.000740     37.996     38.000    36.6525    25.0327    23.5290    1533.25    1533.24      0.621         39 0.0000e+00
       2818 204.941417    117.392     39.293    23.4856    23.4862     0.0005   5.369716   5.367824       0.85          1  -0.001703     39.004     39.000    36.6754    25.0653    23.4774    1533.16    1533.15      0.601         40 0.0000e+00
       2871 204.941442    119.566     40.301    23.4454    23.4454    -0.0001   5.366984   5.365088       0.77          1  -0.001844     39.997     40.000    36.6874    25.0863    23.4371    1533.09    1533.08      0.451         55 0.0000e+00
       2911 204.941461    121.246     41.308    23.4386    23.4390     0.0004   5.366652   5.364763       0.80          1  -0.001785     40.999     41.000    36.6902    25.0905    23.4300    1533.10    1533.08      0.733         31 0.0000e+00
       2949 204.941479    122.813     42.316    23.3750    23.3780     0.0030   5.360269   5.358288       0.77          1  -0.001228     42.004     42.000    36.6936    25.1118    23.3662    1532.96    1532.95      0.511         51 0.0000e+00
       3011 204.941509    125.402     43.324    23.2600    23.2653     0.0053   5.347704   5.345927       0.78          1  -0.000941     42.996     43.000    36.6920    25.1443    23.2510    1532.68    1532.68      0.403         59 0.0000e+00
       3056 204.941531    127.278     44.331    23.1630    23.1640     0.0010   5.338276   5.336353       0.69          1  -0.001733     43.996     44.000    36.6996    25.1785    23.1538    1532.46    1532.45      0.716         34 0.0000e+00
       3085 204.941545    128.516     45.339    23.1240    23.1259     0.0019   5.335495   5.333501       0.51          1  -0.001496     45.005     45.000    36.7102    25.1980    23.1147    1532.39    1532.38      0.746         32 0.0000e+00
       3132 204.941568    130.438     46.347    23.0823    23.0839     0.0017   5.331440   5.329576       0.93          1  -0.001603     46.001     46.000    36.7133    25.2126    23.0727    1532.31    1532.30      0.419         59 0.0000e+00
       3184 204.941593    132.616     47.354    23.0098    23.0121     0.0023   5.323883   5.321850       0.90          1  -0.001349     47.000     47.000    36.7150    25.2350    23.0000    1532.14    1532.13      0.571         42 0.0000e+00
       3227 204.941614    134.426     48.362    22.9379    22.9399     0.0020   5.316745   5.314736       0.67          1  -0.001414     48.001     48.000    36.7193    25.2592    22.9280    1531.98    1531.97      0.523         48 0.0000e+00
       3272 204.941635    136.306     49.370    22.8327    22.8354     0.0028   5.304912   5.302691       0.65          1  -0.001058     49.000     49.000    36.7151    25.2865    22.8226    1531.73    1531.72      0.531         44 0.0000e+00
       3332 204.941664    138.811     50.377    22.7044    22.7027    -0.0017   5.291286   5.288672       0.80          1  -0.001631     49.999     50.000    36.7160    25.3243    22.6942    1531.42    1531.40      0.345         71 0.0000e+00
       3387 204.941691    141.104     51.385    22.4780    22.4833     0.0053   5.267833   5.265691       0.59          1  -0.000721     50.999     51.000    36.7226    25.3944    22.4676    1530.86    1530.86      0.613         39 0.0000e+00
       3440 204.941716    143.299     52.393    22.4157    22.4179     0.0022   5.261408   5.259621       0.72          1  -0.001502     52.002     52.000    36.7243    25.4136    22.4052    1530.72    1530.71      0.330         90 0.0000e+00
       3533 204.941761    147.173     53.400    22.3710    22.3730     0.0019   5.256722   5.254581       0.70          1  -0.001448     52.997     53.000    36.7249    25.4268    22.3603    1530.62    1530.61      0.381         63 0.0000e+00
       3613 204.941800    150.482     54.408    22.2566    22.2592     0.0026   5.245309   5.243506       0.76          1  -0.001568     54.001     54.000    36.7314    25.4644    22.2457    1530.35    1530.34      0.206        144 0.0000e+00
       5608 204.942762    233.630     55.416    22.2186    22.2304     0.0118   5.241601   5.240635       2.32          1  -0.000982     55.008     55.000    36.7339    25.4772    22.2075    1530.27    1530.28     -0.148        749 0.0000e+00
