test_data/proc/CTD02.ros
* Sea-Bird SBE 9 Data File:
* FileName = D:\ctd\raw\CTD02.hdr
* Software Version Seasave V 7.27.0.46
* Temperature SN = 4695
* Conductivity SN = 0618
* Number of Bytes Per Scan = 40
* Number of Voltage Words = 5
* Number of Scans Averaged by the Deck Unit = 1
* NMEA Latitude = 36 15.00 N
* NMEA Longitude = 066 35.03 W
* NMEA UTC (Time) = Jul 24 2025  08:39:22
* NMEA baud rate = 4800
** Ship: R/V Endeavor
** Cruise: EN734
** Principal Investigators: Bess Ward
** Chief_Scientist: Bess Ward
** Project: Nitrous Oxide Consumption in Surface Waters
** Cruise Start Date: 21 July 2025
** Ports: Narragansett to Narragansett, Rhode Island
** Bottom Depth:
** Operator:  JCH
# nquan = 15
# nvalues = 588                                   
# units = specified
# name 0 = scan: Scan Count
# name 1 = timeJ: Julian Days
# name 2 = timeS: Time, Elapsed [seconds]
# name 3 = prDM: Pressure, Digiquartz [db]
# name 4 = t090C: Temperature [ITS-90, deg C]
# name 5 = t190C: Temperature, 2 [ITS-90, deg C]
# name 6 = T2-T190C: Temperature Difference, 2 - 1 [ITS-90, deg C]
# name 7 = c0S/m: Conductivity [S/m]
# name 8 = c1S/m: Conductivity, 2 [S/m]
# name 9 = altM: Altimeter [m]
# name 10 = pumps: Pump Status
# name 11 = C2-C1S/m: Conductivity Difference, 2 - 1 [S/m]
# name 12 = depSM: Depth [salt water, m]
# name 13 = nbf: Bottles Fired
# name 14 = flag:  0.000e+00
# interval = seconds: 0.0416667
# start_time = Jul 24 2025 08:39:25 [System UTC, header]
# bad_flag = -9.990e-29
*END*
[from data line 290]
      13666 205.367296    569.375      4.973    27.5292    27.5301     0.0010   5.757129   5.755562       0.49          1  -0.001566      4.936          6  0.000e+00
      13667 205.367296    569.417      4.921    27.5293    27.5298     0.0005   5.757137   5.755562       0.49          1  -0.001575      4.885          6  0.000e+00
      13668 205.367297    569.458      4.912    27.5292    27.5298     0.0006   5.757137   5.755516       0.59          1  -0.001620      4.876          6  0.000e+00
      13669 205.367297    569.500      4.981    27.5292    27.5301     0.0010   5.757141   5.755517       0.71          1  -0.001625      4.945          6  0.000e+00
      13788 205.367355    574.458      5.041    27.5286    27.5289     0.0002   5.757083   5.755463       0.71          1  -0.001619      5.004          7  0.000e+00
      13789 205.367355    574.500      5.050    27.5286    27.5287     0.0001   5.757070   5.755425       0.81          1  -0.001645      5.013          7  0.000e+00
      13790 205.367356    574.542      5.102    27.5284    27.5289     0.0005   5.756986   5.755426       0.81          1  -0.001561      5.064          7  0.000e+00
      13791 205.367356    574.583      4.790    27.5283    27.5289     0.0006   5.757028   5.755372       0.81          1  -0.001656      4.755          7  0.000e+00
      13792 205.367357    574.625      5.102    27.5285    27.5287     0.0002   5.757053   5.755372       0.81          1  -0.001681      5.064          7  0.000e+00
      13793 205.367357    574.667      4.972    27.5286    27.5289     0.0002   5.757091   5.755425       0.81          1  -0.001665      4.935          7  0.000e+00
      13794 205.367358    574.708      4.920    27.5284    27.5289     0.0004   5.757028   5.755425       0.66          1  -0.001603      4.884          7  0.000e+00
      13795 205.367358    574.750      4.911    27.5286    27.5285    -0.0001   5.757041   5.755372       0.51          1  -0.001668      4.875          7  0.000e+00
      13796 205.367359    574.792      4.920    27.5288    27.5287    -0.0001   5.757016   5.755372       0.49          1  -0.001643      4.884          7  0.000e+00
      13797 205.367359    574.833      4.842    27.5286    27.5285    -0.0001   5.757045   5.755372       0.49          1  -0.001673      4.807          7  0.000e+00
      13798 205.367360    574.875      4.920    27.5286    27.5285    -0.0001   5.757053   5.755425       0.49          1  -0.001628      4.884          7  0.000e+00
      13799 205.367360    574.917      4.842    27.5288    27.5285    -0.0003   5.757149   5.755372       0.49          1  -0.001777      4.807          7  0.000e+00
      13800 205.367361    574.958      4.842    27.5286    27.5285    -0.0001   5.757082   5.755372       0.73          1  -0.001710      4.807          7  0.000e+00
      13801 205.367361    575.000      4.790    27.5286    27.5289     0.0002   5.757091   5.755372       1.03          1  -0.001719      4.755          7  0.000e+00
      13802 205.367362    575.042      4.782    27.5286    27.5287     0.0000   5.757066   5.755372       1.10          1  -0.001694      4.747          7  0.000e+00
      13803 205.367362    575.083      4.790    27.5288    27.5287    -0.0001   5.757016   5.755372       1.10          1  -0.001643      4.755          7  0.000e+00
      13804 205.367363    575.125      4.782    27.5288    27.5284    -0.0005   5.757070   5.755372       1.10          1  -0.001698      4.747          7  0.000e+00
      13805 205.367363    575.167      4.721    27.5286    27.5287     0.0001   5.757032   5.755418       1.07          1  -0.001615      4.686          7  0.000e+00
      13806 205.367364    575.208      4.712    27.5286    27.5287     0.0000   5.757074   5.755425       0.98          1  -0.001649      4.678          7  0.000e+00
      13807 205.367364    575.250      4.721    27.5288    27.5285    -0.0003   5.757028   5.755425       0.83          1  -0.001603      4.686          7  0.000e+00
      13808 205.367364    575.292      4.652    27.5286    27.5285    -0.0001   5.757041   5.755372       0.81          1  -0.001668      4.618          7  0.000e+00
      13809 205.367365    575.333      4.652    27.5290    27.5287    -0.0003   5.756990   5.755418       0.83          1  -0.001573      4.618          7  0.000e+00
      13810 205.367365    575.375      4.661    27.5288    27.5287    -0.0001   5.757032   5.755327       0.83          1  -0.001706      4.626          7  0.000e+00
      13811 205.367366    575.417      4.652    27.5286    27.5287     0.0001   5.757053   5.755327       0.83          1  -0.001727      4.618          7  0.000e+00
      13812 205.367366    575.458      4.591    27.5288    27.5285    -0.0003   5.757057   5.755425       0.90          1  -0.001632      4.558          7  0.000e+00
      13813 205.367367    575.500      4.652    27.5288    27.5289     0.0001   5.757087   5.755418       0.95          1  -0.001669      4.618          7  0.000e+00
      13814 205.367367    575.542      4.531    27.5285    27.5287     0.0002   5.757061   5.755372       0.98          1  -0.001689      4.498          7  0.000e+00
      13815 205.367368    575.583      4.652    27.5288    27.5287    -0.0001   5.757053   5.755372       0.98          1  -0.001681      4.618          7  0.000e+00
      13816 205.367368    575.625      4.591    27.5284    27.5285     0.0001   5.757024   5.755372       0.98          1  -0.001652      4.558          7  0.000e+00
      13817 205.367369    575.667      4.591    27.5285    27.5285     0.0001   5.757007   5.755471       0.98          1  -0.001536      4.558          7  0.000e+00
      13818 205.367369    575.708      4.470    27.5286    27.5287     0.0000   5.757040   5.755372       0.81          1  -0.001668      4.438          7  0.000e+00
      13819 205.367370    575.750      4.712    27.5286    27.5285    -0.0001   5.757053   5.755372       0.63          1  -0.001681      4.678          7  0.000e+00
      13820 205.367370    575.792      4.591    27.5285    27.5287     0.0002   5.757091   5.755425       0.61          1  -0.001665      4.558          7  0.000e+00
      13821 205.367371    575.833      4.591    27.5286    27.5285    -0.0001   5.757066   5.755372       0.61          1  -0.001694      4.558          7  0.000e+00
      13822 205.367371    575.875      4.591    27.5285    27.5285     0.0000   5.757015   5.755418       0.63          1  -0.001598      4.558          7  0.000e+00
      13823 205.367372    575.917      4.591    27.5285    27.5287     0.0002   5.757070   5.755327       0.61          1  -0.001743      4.558          7  0.000e+00
      13824 205.367372    575.958      4.522    27.5286    27.5285    -0.0001   5.757032   5.755372       0.88          1  -0.001660      4.489          7  0.000e+00
      13825 205.367373    576.000      4.591    27.5288    27.5285    -0.0003   5.757041   5.755372       1.15          1  -0.001668      4.558          7  0.000e+00
      13826 205.367373    576.042      4.591    27.5286    27.5287     0.0000   5.757053   5.755418       1.22          1  -0.001635      4.558          7  0.000e+00
      13827 205.367374    576.083      4.660    27.5285    27.5285     0.0001   5.757082   5.755372       1.20          1  -0.001710      4.626          7  0.000e+00
      13828 205.367374    576.125      4.591    27.5286    27.5287     0.0001   5.757032   5.755372       1.20          1  -0.001660      4.558          7  0.000e+00
      13829 205.367375    576.167      4.652    27.5286    27.5289     0.0003   5.757041   5.755425       1.20          1  -0.001615      4.618          7  0.000e+00
      13830 205.367375    576.208      4.660    27.5288    27.5287    -0.0001   5.757116   5.755327       1.32          1  -0.001789      4.626          7  0.000e+00
      13831 205.367376    576.250      4.652    27.5286    27.5287     0.0001   5.757036   5.755425       1.49          1  -0.001611      4.618          7  0.000e+00
      13832 205.367376    576.292      4.660    27.5286    27.5285    -0.0001   5.757045   5.755372       1.54          1  -0.001673      4.626          7  0.000e+00
      13833 205.367377    576.333      4.712    27.5285    27.5287     0.0002   5.757087   5.755372       1.51          1  -0.001714      4.678          7  0.000e+00
      13834 205.367377    576.375      4.660    27.5288    27.5289     0.0001   5.757095   5.755418       1.51          1  -0.001677      4.626          7  0.000e+00
      13835 205.367378    576.417      4.712    27.5286    27.5287     0.0001   5.757028   5.755372       1.51          1  -0.001656      4.678          7  0.000e+00
      13836 205.367378    576.458      4.721    27.5286    27.5287     0.0001   5.757078   5.755372       1.25          1  -0.001706      4.686          7  0.000e+00
      13966 205.367441    581.875      4.720    27.5288    27.5287    -0.0001   5.757041   5.755372       0.76          1  -0.001668      4.686          8  0.000e+00
      13967 205.367441    581.917      4.651    27.5286    27.5285    -0.0001   5.757053   5.755425       0.76          1  -0.001628      4.617          8  0.000e+00
      13968 205.367442    581.958      4.720    27.5286    27.5285    -0.0001   5.757057   5.755425       0.61          1  -0.001632      4.686          8  0.000e+00
      13969 205.367442    582.000      4.711    27.5288    27.5287    -0.0001   5.757020   5.755327       0.44          1  -0.001693      4.677          8  0.000e+00
      13970 205.367443    582.042      4.720    27.5286    27.5285    -0.0001   5.757070   5.755425       0.42          1  -0.001645      4.685          8  0.000e+00
      13971 205.367443    582.083      4.651    27.5288    27.5287    -0.0001   5.757061   5.755425       0.42          1  -0.001636      4.617          8  0.000e+00
      13972 205.367444    582.125      4.720    27.5286    27.5287     0.0001   5.757091   5.755372       0.42          1  -0.001719      4.685          8  0.000e+00
      13973 205.367444    582.167      4.711    27.5286    27.5287     0.0001   5.757066   5.755372       0.42          1  -0.001694      4.677          8  0.000e+00
      13974 205.367445    582.208      4.711    27.5290    27.5285    -0.0004   5.757016   5.755418       0.68          1  -0.001598      4.677          8  0.000e+00
      13975 205.367445    582.250      4.720    27.5288    27.5287    -0.0001   5.757007   5.755327       0.95          1  -0.001681      4.685          8  0.000e+00
      13976 205.367446    582.292      4.711    27.5286    27.5285    -0.0001   5.757078   5.755372       1.03          1  -0.001706      4.677          8  0.000e+00
      13977 205.367446    582.333      4.720    27.5286    27.5285    -0.0001   5.757066   5.755372       1.00          1  -0.001694      4.685          8  0.000e+00
      13978 205.367446    582.375      4.711    27.5286    27.5287     0.0001   5.757016   5.755418       1.00          1  -0.001598      4.677          8  0.000e+00
      13979 205.367447    582.417      4.720    27.5288    27.5287    -0.0001   5.757070   5.755425       1.00          1  -0.001645      4.685          8  0.000e+00
      13980 205.367447    582.458      4.711    27.5286    27.5287     0.0001   5.757032   5.755425       0.76          1  -0.001607      4.677          8  0.000e+00
      13981 205.367448    582.500      4.789    27.5288    27.5287    -0.0001   5.757074   5.755471       0.51          1  -0.001603      4.754          8  0.000e+00
      13982 205.367448    582.542      4.711    27.5288    27.5287    -0.0001   5.757062   5.755372       0.44          1  -0.001689      4.677          8  0.000e+00
      13983 205.367449    582.583      4.711    27.5286    27.5287     0.0001   5.757016   5.755425       0.46          1  -0.001590      4.677          8  0.000e+00
      13984 205.367449    582.625      4.789    27.5286    27.5289     0.0002   5.757045   5.755425       0.46          1  -0.001619      4.754          8  0.000e+00
      13985 205.367450    582.667      4.781    27.5285    27.5285     0.0001   5.757087   5.755327       0.49          1  -0.001760      4.745          8  0.000e+00
      13986 205.367450    582.708      4.720    27.5285    27.5287     0.0002   5.757062   5.755463       0.51          1  -0.001598      4.685          8  0.000e+00
      13987 205.367451    582.750      4.781    27.5286    27.5287     0.0001   5.757053   5.755372       0.59          1  -0.001681      4.745          8  0.000e+00
      13988 205.367451    582.792      4.789    27.5286    27.5285    -0.0001   5.757057   5.755372       0.59          1  -0.001685      4.754          8  0.000e+00
      13989 205.367452    582.833      4.711    27.5286    27.5287     0.0001   5.757020   5.755425       0.59          1  -0.001594      4.677          8  0.000e+00
      13990 205.367452    582.875      4.789    27.5285    27.5287     0.0002   5.757070   5.755327       0.59          1  -0.001743      4.754          8  0.000e+00
      13991 205.367453    582.917      4.781    27.5286    27.5287     0.0000   5.757095   5.755418       0.59          1  -0.001677      4.745          8  0.000e+00
      13992 205.367453    582.958      4.841    27.5283    27.5285     0.0003   5.757032   5.755372       0.85          1  -0.001660      4.805          8  0.000e+00
      13993 205.367454    583.000      4.789    27.5283    27.5287     0.0005   5.757041   5.755425       1.15          1  -0.001615      4.754          8  0.000e+00
      13994 205.367454    583.042      4.780    27.5285    27.5287     0.0002   5.757053   5.755425       1.25          1  -0.001628      4.745          8  0.000e+00
      13995 205.367455    583.083      4.789    27.5283    27.5285     0.0002   5.757053   5.755418       1.22          1  -0.001635      4.754          8  0.000e+00
      13996 205.367455    583.125      4.841    27.5283    27.5285     0.0003   5.757024   5.755372       1.20          1  -0.001652      4.805          8  0.000e+00
      13997 205.367456    583.167      4.789    27.5281    27.5285     0.0005   5.757041   5.755372       1.20          1  -0.001668      4.754          8  0.000e+00
      13998 205.367456    583.208      4.780    27.5283    27.5285     0.0003   5.757053   5.755471       1.27          1  -0.001582      4.745          8  0.000e+00
      13999 205.367457    583.250      4.850    27.5281    27.5285     0.0004   5.757016   5.755372       1.37          1  -0.001643      4.814          8  0.000e+00
      14000 205.367457    583.292      4.780    27.5283    27.5285     0.0003   5.757011   5.755372       1.39          1  -0.001639      4.745          8  0.000e+00
      14001 205.367458    583.333      4.841    27.5281    27.5284     0.0003   5.757007   5.755425       1.39          1  -0.001582      4.805          8  0.000e+00
      14002 205.367458    583.375      4.789    27.5283    27.5285     0.0003   5.757007   5.755372       1.39          1  -0.001635      4.754          8  0.000e+00
      14003 205.367459    583.417      4.841    27.5281    27.5285     0.0004   5.757045   5.755372       1.37          1  -0.001673      4.805          8  0.000e+00
      14004 205.367459    583.458      4.850    27.5283    27.5287     0.0005   5.757020   5.755425       1.17          1  -0.001594      4.814          8  0.000e+00
      14005 205.367459    583.500      4.841    27.5283    27.5284     0.0001   5.757070   5.755372       0.95          1  -0.001698      4.805          8  0.000e+00
      14006 205.367460    583.542      4.850    27.5286    27.5284    -0.0003   5.757062   5.755372       0.88          1  -0.001689      4.814          8  0.000e+00
      14007 205.367460    583.583      4.780    27.5285    27.5285     0.0000   5.757024   5.755418       0.90          1  -0.001606      4.745          8  0.000e+00
