test_data/proc/CTD02.ros
* Sea-Bird SBE 9 Data File:
* FileName = D:\ctd\raw\CTD02.hdr
* Software Version Seasave V 7.27.0.46
* Temperature SN = 4695
* Conductivity SN = 0618
* Number of Bytes Per Scan = 40
* Number of Voltage Words = 5
* Number of Scans Averaged by the Deck Unit = 1
* NMEA Latitude = 36 15.00 N
* NMEA Longitude = 066 35.03 W
* NMEA UTC (Time) = Jul 24 2025  08:39:22
* NMEA baud rate = 4800
** Ship: R/V Endeavor
** Cruise: EN734
** Principal Investigators: Bess Ward
** Chief_Scientist: Bess Ward
** Project: Nitrous Oxide Consumption in Surface Waters
** Cruise Start Date: 21 July 2025
** Ports: Narragansett to Narragansett, Rhode Island
** Bottom Depth:
** Operator:  JCH
# nquan = 15
# nvalues = 588                                   
# units = specified
# name 0 = scan: Scan Count
# name 1 = timeJ: Julian Days
# name 2 = timeS: Time, Elapsed [seconds]
# name 3 = prDM: Pressure, Digiquartz [db]
# name 4 = t090C: Temperature [ITS-90, deg C]
# name 5 = t190C: Temperature, 2 [ITS-90, deg C]
# name 6 = T2-T190C: Temperature Difference, 2 - 1 [ITS-90, deg C]
# name 7 = c0S/m: Conductivity [S/m]
# name 8 = c1S/m: Conductivity, 2 [S/m]
# name 9 = altM: Altimeter [m]
# name 10 = pumps: Pump Status
# name 11 = C2-C1S/m: Conductivity Difference, 2 - 1 [S/m]
# name 12 = depSM: Depth [salt water, m]
# name 13 = nbf: Bottles Fired
# name 14 = flag:  0.000e+00
# interval = seconds: 0.0416667
# start_time = Jul 24 2025 08:39:25 [System UTC, header]
# bad_flag = -9.990e-29
*END*
[from data line 193]
      13317 205.367128    554.833      4.655    27.5286    27.5284    -0.0003   5.757028   5.755327       0.32          1  -0.001701      4.621          4  0.000e+00
      13318 205.367128    554.875      4.664    27.5285    27.5282    -0.0003   5.757078   5.755372       0.32          1  -0.001706      4.629          4  0.000e+00
      13319 205.367129    554.917      4.655    27.5283    27.5282    -0.0001   5.757066   5.755425       0.32          1  -0.001640      4.621          4  0.000e+00
      13439 205.367187    559.917      4.784    27.5283    27.5292     0.0010   5.756986   5.755418       0.49          1  -0.001569      4.749          5  0.000e+00
      13440 205.367187    559.958      4.663    27.5281    27.5289     0.0008   5.756970   5.755372       0.59          1  -0.001597      4.629          5  0.000e+00
      13441 205.367188    560.000      4.715    27.5284    27.5289     0.0005   5.756965   5.755425       0.68          1  -0.001540      4.680          5  0.000e+00
      13442 205.367188    560.042      4.784    27.5286    27.5289     0.0002   5.757062   5.755425       0.71          1  -0.001636      4.749          5  0.000e+00
      13443 205.367188    560.083      4.793    27.5286    27.5289     0.0002   5.757028   5.755372       0.71          1  -0.001656      4.757          5  0.000e+00
      13444 205.367189    560.125      4.784    27.5288    27.5289     0.0001   5.757045   5.755425       0.71          1  -0.001619      4.749          5  0.000e+00
      13445 205.367189    560.167      4.792    27.5288    27.5287    -0.0001   5.757053   5.755372       0.71          1  -0.001681      4.757          5  0.000e+00
      13446 205.367190    560.208      4.784    27.5288    27.5287    -0.0001   5.757053   5.755372       0.68          1  -0.001681      4.749          5  0.000e+00
      13447 205.367190    560.250      4.922    27.5288    27.5287    -0.0001   5.757083   5.755327       0.68          1  -0.001756      4.886          5  0.000e+00
      13448 205.367191    560.292      4.784    27.5286    27.5285    -0.0001   5.757070   5.755372       0.68          1  -0.001698      4.749          5  0.000e+00
      13449 205.367191    560.333      4.853    27.5290    27.5287    -0.0003   5.757087   5.755372       0.68          1  -0.001714      4.817          5  0.000e+00
      13450 205.367192    560.375      4.844    27.5286    27.5285    -0.0001   5.757028   5.755425       0.68          1  -0.001603      4.809          5  0.000e+00
      13451 205.367192    560.417      4.914    27.5288    27.5287    -0.0001   5.757041   5.755372       0.68          1  -0.001668      4.877          5  0.000e+00
      13452 205.367193    560.458      4.922    27.5288    27.5287    -0.0001   5.757091   5.755418       0.59          1  -0.001673      4.886          5  0.000e+00
      13453 205.367193    560.500      4.913    27.5288    27.5287    -0.0001   5.757066   5.755425       0.49          1  -0.001640      4.877          5  0.000e+00
      13454 205.367194    560.542      4.922    27.5288    27.5289     0.0001   5.757053   5.755425       0.46          1  -0.001628      4.886          5  0.000e+00
      13455 205.367194    560.583      4.974    27.5288    27.5290     0.0002   5.757053   5.755372       0.46          1  -0.001681      4.937          5  0.000e+00
      13456 205.367195    560.625      4.922    27.5286    27.5289     0.0002   5.757024   5.755463       0.46          1  -0.001561      4.886          5  0.000e+00
      13457 205.367195    560.667      5.043    27.5288    27.5289     0.0001   5.757041   5.755425       0.46          1  -0.001615      5.006          5  0.000e+00
      13458 205.367196    560.708      4.983    27.5288    27.5289     0.0001   5.757053   5.755425       0.54          1  -0.001628      4.946          5  0.000e+00
      13459 205.367196    560.750      4.974    27.5286    27.5290     0.0004   5.757083   5.755425       0.61          1  -0.001657      4.937          5  0.000e+00
      13460 205.367197    560.792      5.043    27.5288    27.5289     0.0001   5.757070   5.755418       0.63          1  -0.001652      5.006          5  0.000e+00
      13461 205.367197    560.833      5.052    27.5288    27.5289     0.0001   5.757053   5.755372       0.63          1  -0.001681      5.015          5  0.000e+00
      13462 205.367198    560.875      5.043    27.5288    27.5289     0.0001   5.757149   5.755425       0.63          1  -0.001724      5.006          5  0.000e+00
      13463 205.367198    560.917      5.052    27.5290    27.5289    -0.0001   5.757116   5.755471       0.63          1  -0.001645      5.015          5  0.000e+00
      13464 205.367199    560.958      4.974    27.5288    27.5289     0.0001   5.757070   5.755372       0.66          1  -0.001698      4.937          5  0.000e+00
      13465 205.367199    561.000      5.112    27.5288    27.5289     0.0001   5.757116   5.755426       0.68          1  -0.001691      5.075          5  0.000e+00
      13466 205.367200    561.042      5.043    27.5290    27.5285    -0.0005   5.757074   5.755425       0.68          1  -0.001649      5.006          5  0.000e+00
      13467 205.367200    561.083      5.112    27.5288    27.5287    -0.0001   5.757058   5.755426       0.68          1  -0.001632      5.075          5  0.000e+00
      13468 205.367201    561.125      5.104    27.5290    27.5287    -0.0003   5.757053   5.755426       0.68          1  -0.001628      5.066          5  0.000e+00
      13469 205.367201    561.167      5.104    27.5288    27.5287    -0.0001   5.757083   5.755418       0.71          1  -0.001665      5.066          5  0.000e+00
      13470 205.367201    561.208      5.052    27.5288    27.5289     0.0001   5.757062   5.755425       0.95          1  -0.001636      5.015          5  0.000e+00
      13471 205.367202    561.250      5.104    27.5286    27.5287     0.0000   5.757024   5.755471       1.27          1  -0.001553      5.066          5  0.000e+00
      13472 205.367202    561.292      5.112    27.5286    27.5287     0.0001   5.757074   5.755372       1.32          1  -0.001702      5.075          5  0.000e+00
      13473 205.367203    561.333      5.104    27.5281    27.5287     0.0006   5.757095   5.755372       1.29          1  -0.001723      5.066          5  0.000e+00
      13474 205.367203    561.375      5.112    27.5285    27.5287     0.0002   5.757028   5.755372       1.29          1  -0.001656      5.075          5  0.000e+00
      13475 205.367204    561.417      5.104    27.5281    27.5285     0.0004   5.757108   5.755372       1.29          1  -0.001735      5.066          5  0.000e+00
      13476 205.367204    561.458      5.104    27.5281    27.5285     0.0005   5.757041   5.755372       1.20          1  -0.001668      5.066          5  0.000e+00
      13477 205.367205    561.500      5.112    27.5283    27.5287     0.0005   5.756974   5.755463       1.10          1  -0.001510      5.075          5  0.000e+00
      13478 205.367205    561.542      5.104    27.5279    27.5289     0.0010   5.756966   5.755426       1.07          1  -0.001540      5.066          5  0.000e+00
      13479 205.367206    561.583      5.112    27.5281    27.5285     0.0005   5.757037   5.755372       1.07          1  -0.001664      5.075          5  0.000e+00
      13480 205.367206    561.625      5.104    27.5277    27.5287     0.0010   5.757020   5.755426       1.10          1  -0.001594      5.066          5  0.000e+00
      13481 205.367207    561.667      5.112    27.5281    27.5287     0.0006   5.757007   5.755418       1.07          1  -0.001589      5.075          5  0.000e+00
      13482 205.367207    561.708      5.104    27.5279    27.5285     0.0006   5.757007   5.755372       0.88          1  -0.001635      5.066          5  0.000e+00
      13483 205.367208    561.750      5.052    27.5281    27.5285     0.0005   5.757078   5.755425       0.63          1  -0.001653      5.015          5  0.000e+00
      13484 205.367208    561.792      5.173    27.5279    27.5285     0.0006   5.756999   5.755372       0.59          1  -0.001627      5.135          5  0.000e+00
      13485 205.367209    561.833      5.104    27.5283    27.5285     0.0003   5.757062   5.755471       0.59          1  -0.001591      5.066          5  0.000e+00
      13486 205.367209    561.875      5.052    27.5281    27.5287     0.0006   5.757095   5.755372       0.59          1  -0.001723      5.015          5  0.000e+00
      13487 205.367210    561.917      5.104    27.5283    27.5287     0.0005   5.757070   5.755372       0.59          1  -0.001698      5.066          5  0.000e+00
      13621 205.367274    567.500      4.714    27.5292    27.5295     0.0003   5.757074   5.755471       1.27          1  -0.001603      4.679          6  0.000e+00
      13622 205.367275    567.542      4.722    27.5294    27.5295     0.0001   5.757116   5.755471       1.37          1  -0.001645      4.688          6  0.000e+00
      13623 205.367275    567.583      4.783    27.5294    27.5294     0.0000   5.757174   5.755471       1.34          1  -0.001704      4.748          6  0.000e+00
      13624 205.367276    567.625      4.662    27.5291    27.5296     0.0005   5.757183   5.755463       1.32          1  -0.001719      4.627          6  0.000e+00
      13625 205.367276    567.667      4.843    27.5295    27.5293    -0.0003   5.757145   5.755471       1.32          1  -0.001674      4.808          6  0.000e+00
      13626 205.367277    567.708      4.662    27.5294    27.5295     0.0001   5.757103   5.755471      19.07          1  -0.001632      4.627          6  0.000e+00
      13627 205.367277    567.750      4.653    27.5297    27.5294    -0.0003   5.757133   5.755516      42.25          1  -0.001616      4.619          6  0.000e+00
      13628 205.367278    567.792      4.722    27.5295    27.5296     0.0001   5.757137   5.755471      48.23          1  -0.001666      4.688          6  0.000e+00
      13629 205.367278    567.833      4.653    27.5295    27.5293    -0.0002   5.757137   5.755509      47.45          1  -0.001628      4.619          6  0.000e+00
      13630 205.367279    567.875      4.714    27.5294    27.5295     0.0001   5.757112   5.755425      46.47          1  -0.001686      4.679          6  0.000e+00
      13631 205.367279    567.917      4.662    27.5295    27.5294    -0.0001   5.757128   5.755471      46.23          1  -0.001658      4.627          6  0.000e+00
      13632 205.367280    567.958      4.714    27.5299    27.5295    -0.0005   5.757137   5.755372      25.89          1  -0.001765      4.679          6  0.000e+00
      13633 205.367280    568.000      4.722    27.5297    27.5298     0.0001   5.757137   5.755509       3.83          1  -0.001628      4.688          6  0.000e+00
      13634 205.367281    568.042      4.783    27.5295    27.5295    -0.0001   5.757174   5.755471       0.00          1  -0.001704      4.748          6  0.000e+00
      13635 205.367281    568.083      4.722    27.5297    27.5300     0.0002   5.757149   5.755516       0.00          1  -0.001633      4.688          6  0.000e+00
      13636 205.367282    568.125      4.714    27.5299    27.5296    -0.0003   5.757170   5.755471       0.61          1  -0.001699      4.679          6  0.000e+00
      13637 205.367282    568.167      4.662    27.5297    27.5298     0.0001   5.757145   5.755463       0.81          1  -0.001682      4.627          6  0.000e+00
      13638 205.367283    568.208      4.783    27.5299    27.5298    -0.0001   5.757174   5.755516       1.05          1  -0.001658      4.748          6  0.000e+00
      13639 205.367283    568.250      4.713    27.5301    27.5298    -0.0003   5.757245   5.755516       1.29          1  -0.001729      4.679          6  0.000e+00
      13640 205.367283    568.292      4.791    27.5301    27.5298    -0.0003   5.757204   5.755516       1.34          1  -0.001687      4.756          6  0.000e+00
      13641 205.367284    568.333      4.783    27.5301    27.5295    -0.0007   5.757212   5.755509       1.32          1  -0.001703      4.748          6  0.000e+00
      13642 205.367284    568.375      4.722    27.5301    27.5296    -0.0004   5.757291   5.755516       1.32          1  -0.001775      4.687          6  0.000e+00
      13643 205.367285    568.417      4.783    27.5305    27.5296    -0.0009   5.757216   5.755516       1.32          1  -0.001700      4.748          6  0.000e+00
      13644 205.367285    568.458      4.852    27.5301    27.5296    -0.0005   5.757246   5.755471       1.12          1  -0.001775      4.816          6  0.000e+00
      13645 205.367286    568.500      4.783    27.5301    27.5298    -0.0003   5.757233   5.755418       0.93          1  -0.001815      4.748          6  0.000e+00
      13646 205.367286    568.542      4.852    27.5303    27.5294    -0.0009   5.757262   5.755516       0.88          1  -0.001746      4.816          6  0.000e+00
      13647 205.367287    568.583      4.843    27.5301    27.5296    -0.0005   5.757266   5.755471       0.90          1  -0.001796      4.808          6  0.000e+00
      13648 205.367287    568.625      4.843    27.5303    27.5295    -0.0008   5.757233   5.755562       0.90          1  -0.001671      4.808          6  0.000e+00
      13649 205.367288    568.667      4.852    27.5301    27.5298    -0.0003   5.757229   5.755463       0.90          1  -0.001765      4.816          6  0.000e+00
      13650 205.367288    568.708      4.843    27.5303    27.5296    -0.0007   5.757258   5.755425       0.68          1  -0.001833      4.808          6  0.000e+00
      13651 205.367289    568.750      4.852    27.5301    27.5298    -0.0003   5.757137   5.755516       0.44          1  -0.001620      4.816          6  0.000e+00
      13652 205.367289    568.792      4.912    27.5301    27.5296    -0.0005   5.757158   5.755516       0.39          1  -0.001641      4.876          6  0.000e+00
      13653 205.367290    568.833      4.921    27.5297    27.5300     0.0003   5.757154   5.755516       0.39          1  -0.001637      4.885          6  0.000e+00
      13654 205.367290    568.875      4.912    27.5299    27.5300     0.0001   5.757137   5.755509       0.42          1  -0.001628      4.876          6  0.000e+00
      13655 205.367291    568.917      4.852    27.5294    27.5298     0.0005   5.757200   5.755471       0.42          1  -0.001729      4.816          6  0.000e+00
      13656 205.367291    568.958      4.912    27.5295    27.5300     0.0005   5.757158   5.755471       0.42          1  -0.001687      4.876          6  0.000e+00
      13657 205.367292    569.000      4.912    27.5294    27.5300     0.0006   5.757141   5.755471       0.42          1  -0.001670      4.876          6  0.000e+00
      13658 205.367292    569.042      4.921    27.5295    27.5300     0.0004   5.757137   5.755509       0.42          1  -0.001628      4.885          6  0.000e+00
      13659 205.367293    569.083      4.973    27.5295    27.5300     0.0005   5.757137   5.755562       0.42          1  -0.001575      4.936          6  0.000e+00
      13660 205.367293    569.125      4.921    27.5295    27.5300     0.0005   5.757103   5.755516       0.42          1  -0.001587      4.885          6  0.000e+00
      13661 205.367294    569.167      4.912    27.5292    27.5302     0.0010   5.757099   5.755562       0.42          1  -0.001537      4.876          6  0.000e+00
      13662 205.367294    569.208      4.921    27.5292    27.5298     0.0006   5.757129   5.755509       0.44          1  -0.001620      4.885          6  0.000e+00
      13663 205.367295    569.250      4.973    27.5291    27.5302     0.0010   5.757074   5.755517       0.49          1  -0.001558      4.936          6  0.000e+00
      13664 205.367295    569.292      4.921    27.5294    27.5300     0.0006   5.757149   5.755516       0.49          1  -0.001633      4.885          6  0.000e+00
