test_data/proc/CTD01.ros
* Sea-Bird SBE 9 Data File:
* FileName = D:\ctd\raw\CTD01.hdr
* Software Version Seasave V 7.27.0.46
* Temperature SN = 4695
* Conductivity SN = 0618
* Number of Bytes Per Scan = 40
* Number of Voltage Words = 5
* Number of Scans Averaged by the Deck Unit = 1
* NMEA Latitude = 36 40.74 N
* NMEA Longitude = 066 55.59 W
* NMEA UTC (Time) = Jul 23 2025  22:33:38
* NMEA baud rate = 4800
** Ship: R/V Endeavor
** Cruise: EN734
** Principal Investigators: Bess Ward
** Chief_Scientist: Bess Ward
** Project: Nitrous Oxide Consumption in Surface Waters
** Cruise Start Date: 21 July 2025
** Ports: Narragansett to Narragansett, Rhode Island
** Bottom Depth:
** Operator:  JCH
# nquan = 15
# nvalues = 588                                   
# units = specified
# name 0 = scan: Scan Count
# name 1 = timeJ: Julian Days
# name 2 = timeS: Time, Elapsed [seconds]
# name 3 = prDM: Pressure, Digiquartz [db]
# name 4 = t090C: Temperature [ITS-90, deg C]
# name 5 = t190C: Temperature, 2 [ITS-90, deg C]
# name 6 = T2-T190C: Temperature Difference, 2 - 1 [ITS-90, deg C]
# name 7 = c0S/m: Conductivity [S/m]
# name 8 = c1S/m: Conductivity, 2 [S/m]
# name 9 = altM: Altimeter [m]
# name 10 = pumps: Pump Status
# name 11 = C2-C1S/m: Conductivity Difference, 2 - 1 [S/m]
# name 12 = depSM: Depth [salt water, m]
# name 13 = nbf: Bottles Fired
# name 14 = flag:  0.000e+00
# interval = seconds: 0.0416667
# start_time = Jul 23 2025 22:33:41 [System UTC, header]
# bad_flag = -9.990e-29
*END*
[from data line 193]
      15191 204.947383    632.917     11.667    27.4727    27.4727     0.0000   5.769711   5.768044       0.66          1  -0.001667     11.581          4  0.000e+00
      15192 204.947384    632.958     11.607    27.4723    27.4727     0.0004   5.769678   5.768143       0.56          1  -0.001535     11.521          4  0.000e+00
      15193 204.947384    633.000     11.736    27.4728    27.4727    -0.0002   5.769711   5.768143       0.54          1  -0.001568     11.650          4  0.000e+00
      15314 204.947443    638.042     11.538    27.4732    27.4729    -0.0003   5.769799   5.768188       1.10          1  -0.001611     11.453          5  0.000e+00
      15315 204.947443    638.083     11.538    27.4732    27.4731    -0.0001   5.769799   5.768188       1.10          1  -0.001611     11.453          5  0.000e+00
      15316 204.947444    638.125     11.616    27.4734    27.4733    -0.0001   5.769795   5.768234       1.07          1  -0.001561     11.530          5  0.000e+00
      15317 204.947444    638.167     11.538    27.4737    27.4729    -0.0008   5.769924   5.768188       0.83          1  -0.001736     11.453          5  0.000e+00
      15318 204.947445    638.208     11.607    27.4737    27.4731    -0.0007   5.769853   5.768234       0.66          1  -0.001619     11.522          5  0.000e+00
      15319 204.947445    638.250     11.607    27.4737    27.4729    -0.0008   5.769832   5.768188       0.63          1  -0.001644     11.522          5  0.000e+00
      15320 204.947446    638.292     11.616    27.4740    27.4729    -0.0010   5.769870   5.768188       0.66          1  -0.001682     11.530          5  0.000e+00
      15321 204.947446    638.333     11.607    27.4737    27.4731    -0.0007   5.769883   5.768188       0.66          1  -0.001694     11.522          5  0.000e+00
      15322 204.947446    638.375     11.668    27.4741    27.4733    -0.0009   5.769929   5.768143       0.66          1  -0.001786     11.582          5  0.000e+00
      15323 204.947447    638.417     11.556    27.4743    27.4729    -0.0014   5.769962   5.768188       0.71          1  -0.001774     11.470          5  0.000e+00
      15324 204.947447    638.458     11.798    27.4743    27.4729    -0.0014   5.770000   5.768189       0.76          1  -0.001811     11.710          5  0.000e+00
      15325 204.947448    638.500     11.668    27.4747    27.4731    -0.0016   5.769979   5.768234       0.76          1  -0.001745     11.582          5  0.000e+00
      15326 204.947448    638.542     11.737    27.4749    27.4731    -0.0018   5.769950   5.768188       0.76          1  -0.001761     11.650          5  0.000e+00
      15327 204.947449    638.583     11.685    27.4752    27.4731    -0.0021   5.769996   5.768234       0.76          1  -0.001762     11.599          5  0.000e+00
      15328 204.947449    638.625     11.668    27.4756    27.4731    -0.0025   5.770042   5.768188       0.76          1  -0.001853     11.582          5  0.000e+00
      15329 204.947450    638.667     11.737    27.4754    27.4733    -0.0022   5.770054   5.768234       0.66          1  -0.001820     11.650          5  0.000e+00
      15330 204.947450    638.708     11.737    27.4754    27.4733    -0.0022   5.770054   5.768280       0.61          1  -0.001775     11.650          5  0.000e+00
      15331 204.947451    638.750     11.746    27.4756    27.4733    -0.0023   5.770033   5.768287       0.61          1  -0.001746     11.659          5  0.000e+00
      15332 204.947451    638.792     11.798    27.4756    27.4736    -0.0020   5.770046   5.768234       0.59          1  -0.001812     11.710          5  0.000e+00
      15333 204.947452    638.833     11.798    27.4754    27.4740    -0.0014   5.770054   5.768287       0.61          1  -0.001767     11.710          5  0.000e+00
      15334 204.947452    638.875     11.858    27.4750    27.4740    -0.0011   5.770021   5.768280       0.61          1  -0.001741     11.771          5  0.000e+00
      15335 204.947453    638.917     11.746    27.4754    27.4744    -0.0011   5.770058   5.768333       0.71          1  -0.001726     11.659          5  0.000e+00
      15336 204.947453    638.958     11.858    27.4754    27.4744    -0.0011   5.770088   5.768325       0.81          1  -0.001763     11.771          5  0.000e+00
      15337 204.947454    639.000     11.858    27.4752    27.4744    -0.0008   5.770096   5.768333       0.83          1  -0.001763     11.771          5  0.000e+00
      15338 204.947454    639.042     11.858    27.4756    27.4744    -0.0012   5.770063   5.768378       0.81          1  -0.001684     11.771          5  0.000e+00
      15339 204.947455    639.083     11.876    27.4756    27.4740    -0.0016   5.770033   5.768333       0.81          1  -0.001701     11.788          5  0.000e+00
      15340 204.947455    639.125     11.927    27.4756    27.4740    -0.0016   5.770046   5.768325       0.81          1  -0.001721     11.839          5  0.000e+00
      15341 204.947456    639.167     11.858    27.4756    27.4738    -0.0018   5.770054   5.768333       0.66          1  -0.001721     11.771          5  0.000e+00
      15342 204.947456    639.208     11.988    27.4756    27.4740    -0.0016   5.770084   5.768280       0.59          1  -0.001804     11.899          5  0.000e+00
      15343 204.947457    639.250     11.945    27.4756    27.4744    -0.0012   5.770109   5.768333       0.56          1  -0.001776     11.856          5  0.000e+00
      15344 204.947457    639.292     11.927    27.4760    27.4746    -0.0014   5.770067   5.768325       0.59          1  -0.001742     11.839          5  0.000e+00
      15345 204.947458    639.333     11.988    27.4758    27.4749    -0.0009   5.770084   5.768379       0.59          1  -0.001705     11.899          5  0.000e+00
      15346 204.947458    639.375     12.005    27.4760    27.4753    -0.0007   5.770159   5.768379       0.59          1  -0.001781     11.916          5  0.000e+00
      15347 204.947459    639.417     11.988    27.4761    27.4753    -0.0009   5.770100   5.768424       0.76          1  -0.001676     11.899          5  0.000e+00
      15348 204.947459    639.458     12.057    27.4761    27.4758    -0.0003   5.770059   5.768470       0.83          1  -0.001589     11.968          5  0.000e+00
      15349 204.947459    639.500     11.988    27.4758    27.4760     0.0002   5.770084   5.768515       0.85          1  -0.001568     11.899          5  0.000e+00
      15350 204.947460    639.542     12.066    27.4761    27.4762     0.0001   5.770096   5.768470       0.85          1  -0.001627     11.977          5  0.000e+00
      15351 204.947460    639.583     12.057    27.4763    27.4769     0.0006   5.770096   5.768568       0.85          1  -0.001528     11.968          5  0.000e+00
      15352 204.947461    639.625     12.057    27.4771    27.4769    -0.0001   5.770239   5.768568       0.83          1  -0.001670     11.968          5  0.000e+00
      15353 204.947461    639.667     12.118    27.4769    27.4769     0.0001   5.770276   5.768660       0.85          1  -0.001617     12.028          5  0.000e+00
      15354 204.947462    639.708     12.066    27.4774    27.4768    -0.0007   5.770234   5.768568       0.85          1  -0.001666     11.977          5  0.000e+00
      15355 204.947462    639.750     12.057    27.4774    27.4768    -0.0007   5.770322   5.768614       0.83          1  -0.001708     11.968          5  0.000e+00
      15356 204.947463    639.792     12.187    27.4776    27.4769    -0.0007   5.770272   5.768569       0.85          1  -0.001704     12.097          5  0.000e+00
      15357 204.947463    639.833     12.057    27.4778    27.4771    -0.0007   5.770264   5.768614       0.85          1  -0.001650     11.968          5  0.000e+00
      15358 204.947464    639.875     12.135    27.4778    27.4773    -0.0005   5.770301   5.768614       0.85          1  -0.001687     12.045          5  0.000e+00
      15359 204.947464    639.917     12.118    27.4780    27.4775    -0.0005   5.770280   5.768614       1.12          1  -0.001666     12.028          5  0.000e+00
      15360 204.947465    639.958     12.187    27.4773    27.4775     0.0002   5.770251   5.768660       1.29          1  -0.001591     12.097          5  0.000e+00
      15361 204.947465    640.000     12.118    27.4774    27.4773    -0.0001   5.770230   5.768705       1.29          1  -0.001525     12.028          5  0.000e+00
      15362 204.947466    640.042     12.196    27.4773    27.4775     0.0002   5.770226   5.768660       1.29          1  -0.001566     12.105          5  0.000e+00
      15505 204.947535    646.000     11.798    27.4758    27.4747    -0.0011   5.770046   5.768424       0.42          1  -0.001622     11.711          6  0.000e+00
      15506 204.947535    646.042     11.859    27.4758    27.4746    -0.0012   5.770046   5.768424       0.42          1  -0.001622     11.771          6  0.000e+00
      15507 204.947536    646.083     11.859    27.4760    27.4747    -0.0012   5.770117   5.768378       0.42          1  -0.001739     11.771          6  0.000e+00
      15508 204.947536    646.125     11.686    27.4758    27.4744    -0.0014   5.770075   5.768378       0.46          1  -0.001697     11.600          6  0.000e+00
      15509 204.947537    646.167     11.798    27.4758    27.4744    -0.0014   5.770067   5.768378      42.86          1  -0.001688     11.711          6  0.000e+00
      15510 204.947537    646.208     11.798    27.4756    27.4744    -0.0012   5.770059   5.768333      76.75          1  -0.001726     11.711          6  0.000e+00
      15511 204.947538    646.250     11.738    27.4752    27.4744    -0.0008   5.769992   5.768378      83.13          1  -0.001613     11.651          6  0.000e+00
      15512 204.947538    646.292     11.686    27.4749    27.4746    -0.0003   5.769933   5.768378      81.17          1  -0.001555     11.600          6  0.000e+00
      15513 204.947539    646.333     11.798    27.4743    27.4744     0.0001   5.769925   5.768378      79.76          1  -0.001546     11.711          6  0.000e+00
      15514 204.947539    646.375     11.738    27.4741    27.4746     0.0004   5.769874   5.768333      77.80          1  -0.001542     11.651          6  0.000e+00
      15515 204.947540    646.417     11.669    27.4741    27.4747     0.0006   5.769874   5.768378      30.67          1  -0.001496     11.583          6  0.000e+00
      15516 204.947540    646.458     11.747    27.4737    27.4746     0.0008   5.769883   5.768333       1.44          1  -0.001550     11.660          6  0.000e+00
      15517 204.947541    646.500     11.669    27.4734    27.4742     0.0008   5.769849   5.768325       0.00          1  -0.001524     11.583          6  0.000e+00
      15518 204.947541    646.542     11.669    27.4734    27.4740     0.0006   5.769883   5.768333       0.00          1  -0.001550     11.583          6  0.000e+00
      15519 204.947541    646.583     11.669    27.4734    27.4740     0.0006   5.769887   5.768325       0.56          1  -0.001562     11.583          6  0.000e+00
      15520 204.947542    646.625     11.686    27.4734    27.4744     0.0010   5.769883   5.768234       1.64          1  -0.001649     11.600          6  0.000e+00
      15521 204.947542    646.667     11.608    27.4732    27.4744     0.0012   5.769883   5.768280      56.78          1  -0.001603     11.522          6  0.000e+00
      15522 204.947543    646.708     11.669    27.4736    27.4742     0.0006   5.769895   5.768333      94.02          1  -0.001562     11.583          6  0.000e+00
      15523 204.947543    646.750     11.617    27.4736    27.4740     0.0004   5.769916   5.768325      99.98          1  -0.001591     11.531          6  0.000e+00
      15524 204.947544    646.792     11.608    27.4736    27.4742     0.0006   5.769925   5.768333      97.51          1  -0.001592     11.523          6  0.000e+00
      15525 204.947544    646.833     11.669    27.4737    27.4742     0.0005   5.769891   5.768280      95.95          1  -0.001611     11.583          6  0.000e+00
      15526 204.947545    646.875     11.608    27.4737    27.4740     0.0002   5.769895   5.768378      92.36          1  -0.001517     11.523          6  0.000e+00
      15527 204.947545    646.917     11.617    27.4743    27.4738    -0.0005   5.769916   5.768234      34.70          1  -0.001682     11.531          6  0.000e+00
      15528 204.947546    646.958     11.608    27.4743    27.4740    -0.0003   5.769924   5.768287       1.42          1  -0.001637     11.523          6  0.000e+00
      15529 204.947546    647.000     11.608    27.4740    27.4740     0.0000   5.769958   5.768325       0.00          1  -0.001633     11.523          6  0.000e+00
      15530 204.947547    647.042     11.539    27.4736    27.4738     0.0002   5.769853   5.768287       0.00          1  -0.001566     11.454          6  0.000e+00
      15531 204.947547    647.083     11.617    27.4736    27.4740     0.0004   5.769866   5.768280       1.05          1  -0.001586     11.531          6  0.000e+00
      15532 204.947548    647.125     11.608    27.4734    27.4742     0.0008   5.769849   5.768333       1.20          1  -0.001516     11.523          6  0.000e+00
      15533 204.947548    647.167     11.539    27.4732    27.4742     0.0010   5.769841   5.768280       0.85          1  -0.001561     11.454          6  0.000e+00
      15534 204.947549    647.208     11.608    27.4734    27.4740     0.0006   5.769853   5.768333       0.63          1  -0.001521     11.523          6  0.000e+00
      15535 204.947549    647.250     11.557    27.4734    27.4742     0.0008   5.769845   5.768325       0.61          1  -0.001520     11.471          6  0.000e+00
      15536 204.947550    647.292     11.608    27.4732    27.4740     0.0008   5.769870   5.768333       0.63          1  -0.001537     11.523          6  0.000e+00
      15537 204.947550    647.333     11.539    27.4734    27.4740     0.0006   5.769849   5.768325       0.66          1  -0.001524     11.454          6  0.000e+00
      15538 204.947551    647.375     11.617    27.4734    27.4742     0.0008   5.769853   5.768287       0.66          1  -0.001566     11.531          6  0.000e+00
      15539 204.947551    647.417     11.539    27.4732    27.4740     0.0008   5.769807   5.768325       0.71          1  -0.001482     11.454          6  0.000e+00
      15540 204.947552    647.458     11.608    27.4734    27.4740     0.0006   5.769795   5.768325       0.71          1  -0.001470     11.523          6  0.000e+00
      15541 204.947552    647.500     11.539    27.4734    27.4738     0.0004   5.769828   5.768234       0.71          1  -0.001594     11.454          6  0.000e+00
      15542 204.947553    647.542     11.617    27.4730    27.4736     0.0006   5.769853   5.768280       0.71          1  -0.001574     11.531          6  0.000e+00
      15543 204.947553    647.583     11.608    27.4730    27.4734     0.0004   5.769845   5.768188       0.71          1  -0.001657     11.523          6  0.000e+00
      15544 204.947554    647.625     11.608    27.4732    27.4734     0.0002   5.769803   5.768280       0.71          1  -0.001524     11.523          6  0.000e+00
      15545 204.947554    647.667     11.539    27.4728    27.4733     0.0004   5.769828   5.768188       0.56          1  -0.001640     11.454          6  0.000e+00
      15546 204.947554    647.708     11.617    27.4727    27.4733     0.0006   5.769786   5.768234       0.46          1  -0.001552     11.531          6  0.000e+00
      15547 204.947555    647.750     11.669    27.4727    27.4733     0.0006   5.769786   5.768234       0.46          1  -0.001552     11.583          6  0.000e+00
      15548 204.947555    647.792     11.608    27.4725    27.4733     0.0008   5.769828   5.768188       0.46          1  -0.001640     11.523          6  0.000e+00
