test_data/proc/CTD02.cnv
* Sea-Bird SBE 9 Data File:
* FileName = D:\ctd\raw\CTD02.hdr
* Software Version Seasave V 7.27.0.46
* Temperature SN = 4695
* Conductivity SN = 0618
* Number of Bytes Per Scan = 40
* Number of Voltage Words = 5
* Number of Scans Averaged by the Deck Unit = 1
* NMEA Latitude = 36 15.00 N
* NMEA Longitude = 066 35.03 W
* NMEA UTC (Time) = Jul 24 2025  08:39:22
* NMEA baud rate = 4800
** Ship: R/V Endeavor
** Cruise: EN734
** Principal Investigators: Bess Ward
** Chief_Scientist: Bess Ward
** Project: Nitrous Oxide Consumption in Surface Waters
** Cruise Start Date: 21 July 2025
** Ports: Narragansett to Narragansett, Rhode Island
** Bottom Depth:
** Operator:  JCH
# nquan = 21                                
# nvalues = 17184                       
# units = specified
# name 0 = scan: Scan Count
# name 1 = timeJ: Julian Days
# name 2 = timeS: Time, Elapsed [seconds]
# name 3 = prDM: Pressure, Digiquartz [db]
# name 4 = t090C: Temperature [ITS-90, deg C]
# name 5 = t190C: Temperature, 2 [ITS-90, deg C]
# name 6 = T2-T190C: Temperature Difference, 2 - 1 [ITS-90, deg C]
# name 7 = c0S/m: Conductivity [S/m]
# name 8 = c1S/m: Conductivity, 2 [S/m]
# name 9 = altM: Altimeter [m]
# name 10 = pumps: Pump Status
# name 11 = C2-C1S/m: Conductivity Difference, 2 - 1 [S/m]
# name 12 = depSM: Depth [salt water, m]
# name 13 = depSM: Depth [salt water, m], lat = 36.25
# name 14 = sal00: Salinity, Practical [PSU]
# name 15 = sigma-é00: Density [sigma-theta, kg/m^3]
# name 16 = potemp090C: Potential Temperature [ITS-90, deg C]
# name 17 = svCM: Sound Velocity [Chen-Millero, m/s]
# name 18 = svCM1: Sound Velocity, 2 [Chen-Millero, m/s]
# name 19 = dz/dtM: Descent Rate [m/s], WS = 2
# name 20 = flag: flag
# span 0 =          1,      17184       
# span 1 = 205.360706, 205.368993       
# span 2 =      0.000,    715.958       
# span 3 =      2.895,     50.678       
# span 4 =    23.4280,    27.5336       
# span 5 =    23.4308,    27.5333       
# span 6 =    -0.2622,     0.5878       
# span 7 =   5.362560,   5.759048       
# span 8 =   5.361011,   5.757635       
# span 9 =       0.00,     100.00       
# span 10 =          1,          1      
# span 11 =  -0.034655,   0.051160      
# span 12 =      2.874,     50.301      
# span 13 =      2.874,     50.300      
# span 14 =    36.2889,    36.6748      
# span 15 =    23.5229,    25.0746      
# span 16 =    23.4175,    27.5324      
# span 17 =    1533.20,    1542.08      
# span 18 =    1533.18,    1542.07      
# span 19 =     -0.759,      0.818      
# span 20 = 0.0000e+00, 0.0000e+00      
# interval = seconds: 0.0416667
# start_time = Jul 24 2025 08:39:25 [System UTC, header]
# bad_flag = -9.990e-29
*END*
[from data line 12690]
      12691 205.366826    528.750      4.659    27.5250    27.5236    -0.0014   5.756695   5.754933       0.54          1  -0.001738      4.625      4.625    36.3057    23.5324    27.5239    1541.73    1541.72     -0.098 0.0000e+00
      12692 205.366826    528.792      4.598    27.5248    27.5232    -0.0016   5.756737   5.754941       0.56          1  -0.001727      4.565      4.564    36.3061    23.5328    27.5237    1541.73    1541.72     -0.082 0.0000e+00
      12693 205.366827    528.833      4.529    27.5250    27.5236    -0.0014   5.756737   5.754954       0.54          1  -0.001825      4.496      4.496    36.3060    23.5327    27.5239    1541.73    1541.72     -0.070 0.0000e+00
      12694 205.366827    528.875      4.668    27.5244    27.5235    -0.0009   5.756618   5.754953       0.54          1  -0.001663      4.633      4.634    36.3056    23.5326    27.5233    1541.73    1541.72     -0.058 0.0000e+00
      12695 205.366828    528.917      4.529    27.5242    27.5238    -0.0005   5.756646   5.754954       0.54          1  -0.001692      4.496      4.496    36.3060    23.5329    27.5231    1541.73    1541.72     -0.042 0.0000e+00
      12696 205.366828    528.958      4.659    27.5240    27.5239    -0.0001   5.756638   5.754994       0.81          1  -0.001684      4.625      4.625    36.3060    23.5330    27.5229    1541.73    1541.72     -0.025 0.0000e+00
      12697 205.366829    529.000      4.538    27.5240    27.5241     0.0001   5.756604   5.755008       1.05          1  -0.001650      4.505      4.505    36.3058    23.5329    27.5229    1541.73    1541.72     -0.016 0.0000e+00
      12698 205.366829    529.042      4.598    27.5240    27.5243     0.0003   5.756650   5.755044       1.10          1  -0.001643      4.565      4.564    36.3061    23.5331    27.5229    1541.73    1541.72      0.001 0.0000e+00
      12699 205.366830    529.083      4.668    27.5240    27.5245     0.0004   5.756638   5.755049       1.10          1  -0.001631      4.633      4.634    36.3060    23.5330    27.5229    1541.73    1541.72      0.018 0.0000e+00
      12700 205.366830    529.125      4.529    27.5240    27.5245     0.0005   5.756659   5.755053       1.07          1  -0.001606      4.496      4.496    36.3062    23.5332    27.5229    1541.73    1541.72      0.030 0.0000e+00
      12701 205.366831    529.167      4.598    27.5240    27.5245     0.0005   5.756676   5.755089       1.07          1  -0.001630      4.565      4.564    36.3063    23.5332    27.5229    1541.73    1541.72      0.042 0.0000e+00
      12702 205.366831    529.208      4.598    27.5240    27.5245     0.0005   5.756671   5.755066       0.88          1  -0.001619      4.565      4.564    36.3063    23.5332    27.5229    1541.73    1541.72      0.058 0.0000e+00
      12703 205.366832    529.250      4.598    27.5242    27.5245     0.0003   5.756638   5.755020       0.68          1  -0.001540      4.565      4.564    36.3059    23.5329    27.5231    1541.73    1541.72      0.074 0.0000e+00
      12704 205.366832    529.292      4.598    27.5240    27.5243     0.0003   5.756658   5.755003       0.66          1  -0.001606      4.565      4.564    36.3062    23.5331    27.5229    1541.73    1541.72      0.089 0.0000e+00
      12705 205.366833    529.333      4.598    27.5240    27.5241     0.0001   5.756675   5.755006       0.66          1  -0.001668      4.565      4.564    36.3063    23.5332    27.5229    1541.73    1541.72      0.100 0.0000e+00
      12706 205.366833    529.375      4.667    27.5246    27.5243    -0.0003   5.756706   5.755008       0.66          1  -0.001705      4.633      4.633    36.3061    23.5328    27.5235    1541.73    1541.72      0.119 0.0000e+00
      12707 205.366834    529.417      4.598    27.5248    27.5243    -0.0005   5.756749   5.755043       0.66          1  -0.001739      4.565      4.564    36.3062    23.5329    27.5237    1541.73    1541.72      0.129 0.0000e+00
      12708 205.366834    529.458      4.667    27.5248    27.5243    -0.0005   5.756761   5.755014       0.93          1  -0.001752      4.633      4.633    36.3063    23.5330    27.5237    1541.74    1541.72      0.143 0.0000e+00
      12709 205.366834    529.500      4.598    27.5250    27.5245    -0.0005   5.756765   5.755042       1.20          1  -0.001711      4.565      4.564    36.3062    23.5328    27.5239    1541.73    1541.72      0.155 0.0000e+00
      12710 205.366835    529.542      4.667    27.5248    27.5243    -0.0005   5.756694   5.755019       1.27          1  -0.001693      4.633      4.633    36.3058    23.5326    27.5237    1541.73    1541.72      0.160 0.0000e+00
      12711 205.366835    529.583      4.659    27.5251    27.5246    -0.0005   5.756737   5.755009       1.25          1  -0.001681      4.625      4.625    36.3059    23.5326    27.5240    1541.74    1541.72      0.179 0.0000e+00
      12712 205.366836    529.625      4.667    27.5251    27.5247    -0.0005   5.756791   5.755038       1.25          1  -0.001781      4.633      4.633    36.3063    23.5328    27.5240    1541.74    1541.72      0.193 0.0000e+00
      12713 205.366836    529.667      4.659    27.5250    27.5247    -0.0003   5.756778   5.755087       1.25          1  -0.001769      4.625      4.625    36.3063    23.5329    27.5239    1541.74    1541.72      0.207 0.0000e+00
      12714 205.366837    529.708      4.659    27.5250    27.5245    -0.0005   5.756728   5.755031       1.32          1  -0.001680      4.625      4.625    36.3059    23.5326    27.5239    1541.73    1541.72      0.216 0.0000e+00
      12715 205.366837    529.750      4.728    27.5250    27.5250     0.0001   5.756715   5.755078       1.39          1  -0.001615      4.693      4.693    36.3058    23.5325    27.5239    1541.74    1541.72      0.223 0.0000e+00
      12716 205.366838    529.792      4.659    27.5248    27.5246    -0.0001   5.756714   5.755066       1.42          1  -0.001706      4.625      4.625    36.3060    23.5327    27.5237    1541.73    1541.72      0.234 0.0000e+00
      12717 205.366838    529.833      4.728    27.5248    27.5247    -0.0001   5.756752   5.755089       1.42          1  -0.001652      4.693      4.693    36.3062    23.5329    27.5237    1541.74    1541.72      0.244 0.0000e+00
      12718 205.366839    529.875      4.719    27.5250    27.5249    -0.0001   5.756761   5.755100       1.42          1  -0.001706      4.685      4.684    36.3061    23.5328    27.5239    1541.74    1541.72      0.244 0.0000e+00
      12719 205.366839    529.917      4.797    27.5250    27.5247    -0.0003   5.756694   5.755100       1.42          1  -0.001594      4.762      4.762    36.3056    23.5324    27.5239    1541.74    1541.72      0.256 0.0000e+00
      12720 205.366840    529.958      4.719    27.5250    27.5245    -0.0005   5.756736   5.755099       1.05          1  -0.001636      4.685      4.684    36.3059    23.5326    27.5239    1541.74    1541.72      0.259 0.0000e+00
      12721 205.366840    530.000      4.797    27.5246    27.5245    -0.0001   5.756722   5.755059       0.68          1  -0.001623      4.762      4.762    36.3061    23.5329    27.5235    1541.74    1541.72      0.268 0.0000e+00
      12722 205.366841    530.042      4.788    27.5248    27.5243    -0.0005   5.756689   5.755016       0.59          1  -0.001590      4.753      4.753    36.3057    23.5326    27.5237    1541.74    1541.72      0.268 0.0000e+00
      12723 205.366841    530.083      4.788    27.5250    27.5245    -0.0005   5.756673   5.755008       0.61          1  -0.001626      4.753      4.753    36.3055    23.5323    27.5239    1541.74    1541.72      0.271 0.0000e+00
      12724 205.366842    530.125      4.797    27.5246    27.5245    -0.0001   5.756638   5.755043       0.61          1  -0.001631      4.762      4.762    36.3055    23.5325    27.5235    1541.74    1541.72      0.277 0.0000e+00
      12725 205.366842    530.167      4.849    27.5244    27.5243    -0.0001   5.756659   5.755013       0.61          1  -0.001652      4.813      4.813    36.3058    23.5327    27.5233    1541.74    1541.72      0.274 0.0000e+00
      12726 205.366843    530.208      4.858    27.5242    27.5247     0.0005   5.756645   5.755041       0.54          1  -0.001593      4.822      4.822    36.3059    23.5329    27.5231    1541.74    1541.73      0.273 0.0000e+00
      12727 205.366843    530.250      4.849    27.5242    27.5245     0.0003   5.756662   5.755054       0.46          1  -0.001663      4.813      4.813    36.3060    23.5329    27.5231    1541.74    1541.72      0.275 0.0000e+00
      12728 205.366844    530.292      4.858    27.5242    27.5246     0.0004   5.756700   5.755054       0.44          1  -0.001648      4.822      4.822    36.3063    23.5331    27.5231    1541.74    1541.73      0.268 0.0000e+00
      12729 205.366844    530.333      4.918    27.5240    27.5247     0.0007   5.756649   5.755019       0.44          1  -0.001598      4.882      4.882    36.3060    23.5330    27.5229    1541.74    1541.73      0.267 0.0000e+00
      12730 205.366845    530.375      4.858    27.5242    27.5243     0.0001   5.756633   5.755002       0.44          1  -0.001581      4.822      4.822    36.3058    23.5328    27.5231    1541.74    1541.72      0.262 0.0000e+00
      12731 205.366845    530.417      4.918    27.5240    27.5243     0.0003   5.756628   5.755040       0.44          1  -0.001622      4.882      4.882    36.3059    23.5329    27.5229    1541.74    1541.73      0.263 0.0000e+00
      12732 205.366846    530.458      4.918    27.5240    27.5243     0.0003   5.756628   5.755088       0.61          1  -0.001630      4.882      4.882    36.3059    23.5329    27.5229    1541.74    1541.73      0.252 0.0000e+00
      12733 205.366846    530.500      4.987    27.5240    27.5246     0.0006   5.756690   5.755100       0.78          1  -0.001639      4.951      4.950    36.3063    23.5333    27.5228    1541.74    1541.73      0.247 0.0000e+00
      12734 205.366847    530.542      4.918    27.5240    27.5247     0.0007   5.756624   5.755026       0.83          1  -0.001527      4.882      4.882    36.3059    23.5329    27.5229    1541.74    1541.73      0.237 0.0000e+00
      12735 205.366847    530.583      4.987    27.5242    27.5247     0.0004   5.756620   5.755041       0.81          1  -0.001523      4.951      4.950    36.3057    23.5327    27.5230    1541.74    1541.73      0.231 0.0000e+00
      12736 205.366848    530.625      4.979    27.5240    27.5247     0.0007   5.756628   5.755054       0.81          1  -0.001630      4.942      4.942    36.3059    23.5329    27.5228    1541.74    1541.73      0.222 0.0000e+00
      12737 205.366848    530.667      4.987    27.5240    27.5246     0.0006   5.756628   5.755054       0.81          1  -0.001577      4.951      4.950    36.3059    23.5329    27.5228    1541.74    1541.73      0.214 0.0000e+00
      12738 205.366848    530.708      4.979    27.5237    27.5249     0.0012   5.756564   5.755089       0.71          1  -0.001514      4.942      4.942    36.3056    23.5329    27.5225    1541.74    1541.73      0.204 0.0000e+00
      12739 205.366849    530.750      4.987    27.5238    27.5249     0.0010   5.756635   5.755026       0.63          1  -0.001585      4.951      4.950    36.3061    23.5331    27.5226    1541.74    1541.73      0.193 0.0000e+00
      12740 205.366849    530.792      5.048    27.5238    27.5249     0.0010   5.756602   5.755041       0.61          1  -0.001506      5.011      5.011    36.3058    23.5330    27.5226    1541.74    1541.73      0.185 0.0000e+00
      12741 205.366850    530.833      4.979    27.5238    27.5245     0.0006   5.756581   5.755019       0.61          1  -0.001584      4.942      4.942    36.3057    23.5329    27.5226    1541.74    1541.73      0.167 0.0000e+00
      12742 205.366850    530.875      5.056    27.5237    27.5245     0.0008   5.756589   5.755042       0.61          1  -0.001539      5.019      5.019    36.3058    23.5330    27.5225    1541.74    1541.73      0.158 0.0000e+00
      12743 205.366851    530.917      5.048    27.5240    27.5241     0.0001   5.756649   5.755012       0.61          1  -0.001643      5.011      5.011    36.3060    23.5330    27.5228    1541.74    1541.73      0.147 0.0000e+00
      12744 205.366851    530.958      5.056    27.5240    27.5238    -0.0003   5.756603   5.754963       0.76          1  -0.001552      5.019      5.019    36.3057    23.5328    27.5228    1541.74    1541.73      0.136 0.0000e+00
      12745 205.366852    531.000      5.048    27.5238    27.5239     0.0001   5.756677   5.755026       0.93          1  -0.001680      5.011      5.011    36.3064    23.5334    27.5226    1541.74    1541.73      0.120 0.0000e+00
      12746 205.366852    531.042      5.056    27.5238    27.5239     0.0001   5.756648   5.754977       0.98          1  -0.001696      5.019      5.019    36.3061    23.5332    27.5226    1541.74    1541.73      0.108 0.0000e+00
      12747 205.366853    531.083      5.048    27.5240    27.5239    -0.0001   5.756603   5.755020       0.98          1  -0.001552      5.011      5.011    36.3057    23.5328    27.5228    1541.74    1541.73      0.094 0.0000e+00
      12748 205.366853    531.125      5.048    27.5240    27.5243     0.0003   5.756649   5.755050       0.95          1  -0.001696      5.011      5.011    36.3060    23.5330    27.5228    1541.74    1541.73      0.081 0.0000e+00
      12749 205.366854    531.167      5.056    27.5238    27.5243     0.0005   5.756635   5.755017       0.95          1  -0.001593      5.019      5.019    36.3061    23.5331    27.5226    1541.74    1541.73      0.067 0.0000e+00
      12750 205.366854    531.208      5.108    27.5240    27.5243     0.0003   5.756657   5.755041       1.05          1  -0.001606      5.071      5.071    36.3060    23.5331    27.5228    1541.74    1541.73      0.056 0.0000e+00
      12751 205.366855    531.250      4.987    27.5244    27.5243    -0.0001   5.756675   5.755018       1.15          1  -0.001668      4.951      4.950    36.3059    23.5328    27.5232    1541.74    1541.73      0.042 0.0000e+00
      12752 205.366855    531.292      5.108    27.5240    27.5245     0.0005   5.756603   5.755036       1.17          1  -0.001552      5.071      5.071    36.3057    23.5328    27.5228    1541.74    1541.73      0.030 0.0000e+00
      12753 205.366856    531.333      5.056    27.5244    27.5243    -0.0001   5.756616   5.755015       1.17          1  -0.001610      5.019      5.019    36.3055    23.5325    27.5232    1541.74    1541.73      0.016 0.0000e+00
      12754 205.366856    531.375      5.108    27.5244    27.5246     0.0002   5.756692   5.755008       1.15          1  -0.001647      5.071      5.071    36.3060    23.5329    27.5232    1541.74    1541.73      0.008 0.0000e+00
      12755 205.366857    531.417      4.987    27.5250    27.5245    -0.0005   5.756689   5.755042       1.15          1  -0.001681      4.950      4.950    36.3055    23.5323    27.5238    1541.74    1541.73     -0.007 0.0000e+00
      12756 205.366857    531.458      5.048    27.5250    27.5243    -0.0006   5.756706   5.755046       0.83          1  -0.001698      5.011      5.011    36.3056    23.5324    27.5238    1541.74    1541.73     -0.018 0.0000e+00
      12757 205.366858    531.500      5.048    27.5253    27.5245    -0.0008   5.756714   5.755016       0.51          1  -0.001660      5.011      5.011    36.3055    23.5322    27.5241    1541.74    1541.73     -0.030 0.0000e+00
      12758 205.366858    531.542      5.056    27.5246    27.5241    -0.0005   5.756712   5.755040       0.44          1  -0.001668      5.019      5.019    36.3060    23.5328    27.5234    1541.74    1541.73     -0.037 0.0000e+00
