test_data/proc/CTD01.ros
* Sea-Bird SBE 9 Data File:
* FileName = D:\ctd\raw\CTD01.hdr
* Software Version Seasave V 7.27.0.46
* Temperature SN = 4695
* Conductivity SN = 0618
* Number of Bytes Per Scan = 40
* Number of Voltage Words = 5
* Number of Scans Averaged by the Deck Unit = 1
* NMEA Latitude = 36 40.74 N
* NMEA Longitude = 066 55.59 W
* NMEA UTC (Time) = Jul 23 2025  22:33:38
* NMEA baud rate = 4800
** Ship: R/V Endeavor
** Cruise: EN734
** Principal Investigators: Bess Ward
** Chief_Scientist: Bess Ward
** Project: Nitrous Oxide Consumption in Surface Waters
** Cruise Start Date: 21 July 2025
** Ports: Narragansett to Narragansett, Rhode Island
** Bottom Depth:
** Operator:  JCH
# nquan = 15
# nvalues = 588                                   
# units = specified
# name 0 = scan: Scan Count
# name 1 = timeJ: Julian Days
# name 2 = timeS: Time, Elapsed [seconds]
# name 3 = prDM: Pressure, Digiquartz [db]
# name 4 = t090C: Temperature [ITS-90, deg C]
# name 5 = t190C: Temperature, 2 [ITS-90, deg C]
# name 6 = T2-T190C: Temperature Difference, 2 - 1 [ITS-90, deg C]
# name 7 = c0S/m: Conductivity [S/m]
# name 8 = c1S/m: Conductivity, 2 [S/m]
# name 9 = altM: Altimeter [m]
# name 10 = pumps: Pump Status
# name 11 = C2-C1S/m: Conductivity Difference, 2 - 1 [S/m]
# name 12 = depSM: Depth [salt water, m]
# name 13 = nbf: Bottles Fired
# name 14 = flag:  0.000e+00
# interval = seconds: 0.0416667
# start_time = Jul 23 2025 22:33:41 [System UTC, header]
# bad_flag = -9.990e-29
*END*
[from data line 290]
      15550 204.947556    647.875     11.557    27.4728    27.4733     0.0004   5.769774   5.768234       0.49          1  -0.001540     11.471          6  0.000e+00
      15551 204.947557    647.917     11.669    27.4727    27.4733     0.0006   5.769820   5.768188       0.78          1  -0.001631     11.583          6  0.000e+00
      15552 204.947557    647.958     11.669    27.4728    27.4733     0.0005   5.769803   5.768234       0.95          1  -0.001569     11.583          6  0.000e+00
      15553 204.947558    648.000     11.617    27.4727    27.4734     0.0008   5.769795   5.768234       0.98          1  -0.001561     11.531          6  0.000e+00
      15668 204.947613    652.792     11.860    27.4741    27.4731    -0.0010   5.769916   5.768234       0.46          1  -0.001682     11.772          7  0.000e+00
      15669 204.947614    652.833     11.877    27.4740    27.4731    -0.0009   5.769950   5.768234       0.46          1  -0.001716     11.789          7  0.000e+00
      15670 204.947614    652.875     11.860    27.4741    27.4731    -0.0010   5.769904   5.768234       0.49          1  -0.001670     11.772          7  0.000e+00
      15671 204.947615    652.917     11.739    27.4737    27.4733    -0.0005   5.769912   5.768188       0.81          1  -0.001724     11.652          7  0.000e+00
      15672 204.947615    652.958     12.059    27.4736    27.4731    -0.0005   5.769875   5.768234       1.00          1  -0.001640     11.970          7  0.000e+00
      15673 204.947616    653.000     11.748    27.4736    27.4731    -0.0005   5.769845   5.768280       1.05          1  -0.001565     11.661          7  0.000e+00
      15674 204.947616    653.042     11.929    27.4734    27.4731    -0.0003   5.769841   5.768189       1.00          1  -0.001652     11.841          7  0.000e+00
      15675 204.947617    653.083     11.860    27.4736    27.4731    -0.0005   5.769870   5.768234       1.00          1  -0.001636     11.772          7  0.000e+00
      15676 204.947617    653.125     11.877    27.4734    27.4731    -0.0003   5.769833   5.768234       1.00          1  -0.001598     11.790          7  0.000e+00
      15677 204.947618    653.167     11.929    27.4736    27.4731    -0.0005   5.769866   5.768234       0.83          1  -0.001632     11.841          7  0.000e+00
      15678 204.947618    653.208     11.860    27.4734    27.4731    -0.0003   5.769883   5.768234       0.71          1  -0.001649     11.772          7  0.000e+00
      15679 204.947619    653.250     11.929    27.4734    27.4733    -0.0001   5.769883   5.768189       0.71          1  -0.001694     11.841          7  0.000e+00
      15680 204.947619    653.292     11.877    27.4736    27.4731    -0.0005   5.769849   5.768287       0.71          1  -0.001562     11.790          7  0.000e+00
      15681 204.947620    653.333     11.860    27.4732    27.4731    -0.0001   5.769883   5.768234       0.71          1  -0.001649     11.772          7  0.000e+00
      15682 204.947620    653.375     11.860    27.4734    27.4733    -0.0001   5.769820   5.768189       0.71          1  -0.001631     11.772          7  0.000e+00
      15683 204.947621    653.417     11.860    27.4734    27.4731    -0.0003   5.769828   5.768234       0.51          1  -0.001594     11.772          7  0.000e+00
      15684 204.947621    653.458     11.947    27.4734    27.4733    -0.0001   5.769870   5.768234       0.42          1  -0.001636     11.858          7  0.000e+00
      15685 204.947622    653.500     11.860    27.4736    27.4731    -0.0005   5.769833   5.768234       0.42          1  -0.001598     11.772          7  0.000e+00
      15686 204.947622    653.542     11.860    27.4737    27.4733    -0.0005   5.769833   5.768287       0.42          1  -0.001545     11.772          7  0.000e+00
      15687 204.947622    653.583     11.929    27.4740    27.4731    -0.0009   5.769904   5.768234       0.42          1  -0.001670     11.841          7  0.000e+00
      15688 204.947623    653.625     11.877    27.4741    27.4731    -0.0010   5.769891   5.768234       0.42          1  -0.001657     11.790          7  0.000e+00
      15689 204.947623    653.667     11.860    27.4745    27.4731    -0.0014   5.769992   5.768280       0.56          1  -0.001712     11.772          7  0.000e+00
      15690 204.947624    653.708     11.860    27.4749    27.4733    -0.0016   5.770017   5.768189       0.66          1  -0.001828     11.772          7  0.000e+00
      15691 204.947624    653.750     11.929    27.4743    27.4733    -0.0010   5.769979   5.768280       0.66          1  -0.001699     11.841          7  0.000e+00
      15692 204.947625    653.792     11.817    27.4743    27.4733    -0.0010   5.769971   5.768234       0.66          1  -0.001737     11.730          7  0.000e+00
      15693 204.947625    653.833     11.929    27.4740    27.4733    -0.0007   5.769916   5.768280       0.63          1  -0.001637     11.841          7  0.000e+00
      15694 204.947626    653.875     11.860    27.4737    27.4734    -0.0003   5.769916   5.768189       0.66          1  -0.001728     11.772          7  0.000e+00
      15695 204.947626    653.917     11.800    27.4741    27.4731    -0.0010   5.769925   5.768234       0.63          1  -0.001691     11.712          7  0.000e+00
      15696 204.947627    653.958     11.877    27.4743    27.4731    -0.0012   5.769925   5.768189       0.63          1  -0.001736     11.790          7  0.000e+00
      15697 204.947627    654.000     11.860    27.4743    27.4731    -0.0012   5.769904   5.768234       0.63          1  -0.001670     11.772          7  0.000e+00
      15698 204.947628    654.042     11.860    27.4743    27.4733    -0.0010   5.769916   5.768287       0.66          1  -0.001629     11.772          7  0.000e+00
      15699 204.947628    654.083     11.817    27.4745    27.4731    -0.0014   5.769925   5.768189       0.66          1  -0.001736     11.730          7  0.000e+00
      15700 204.947629    654.125     11.929    27.4743    27.4731    -0.0012   5.769958   5.768234       0.63          1  -0.001724     11.841          7  0.000e+00
      15701 204.947629    654.167     11.800    27.4741    27.4731    -0.0010   5.769950   5.768234       0.51          1  -0.001716     11.712          7  0.000e+00
      15702 204.947630    654.208     11.860    27.4743    27.4729    -0.0014   5.769962   5.768234       0.44          1  -0.001728     11.772          7  0.000e+00
      15703 204.947630    654.250     11.817    27.4745    27.4731    -0.0014   5.770000   5.768189       0.42          1  -0.001811     11.730          7  0.000e+00
      15704 204.947631    654.292     11.929    27.4745    27.4731    -0.0014   5.769946   5.768189       0.44          1  -0.001757     11.841          7  0.000e+00
      15705 204.947631    654.333     11.800    27.4743    27.4731    -0.0012   5.769971   5.768189       0.44          1  -0.001782     11.712          7  0.000e+00
      15706 204.947632    654.375     11.860    27.4745    27.4729    -0.0016   5.769937   5.768234       0.44          1  -0.001703     11.773          7  0.000e+00
      15707 204.947632    654.417     11.817    27.4745    27.4733    -0.0012   5.769925   5.768234       0.66          1  -0.001691     11.730          7  0.000e+00
      15708 204.947633    654.458     11.800    27.4741    27.4733    -0.0009   5.769958   5.768189       0.81          1  -0.001770     11.712          7  0.000e+00
      15709 204.947633    654.500     11.860    27.4743    27.4733    -0.0010   5.769883   5.768234       0.83          1  -0.001649     11.773          7  0.000e+00
      15710 204.947634    654.542     11.800    27.4743    27.4734    -0.0009   5.769908   5.768234       0.81          1  -0.001674     11.712          7  0.000e+00
      15711 204.947634    654.583     11.817    27.4743    27.4736    -0.0007   5.769925   5.768234       0.81          1  -0.001691     11.730          7  0.000e+00
      15712 204.947635    654.625     11.800    27.4740    27.4740     0.0000   5.769925   5.768280       0.81          1  -0.001645     11.712          7  0.000e+00
      15713 204.947635    654.667     11.800    27.4741    27.4738    -0.0003   5.769904   5.768333       0.71          1  -0.001571     11.712          7  0.000e+00
      15714 204.947636    654.708     11.800    27.4741    27.4738    -0.0003   5.769950   5.768280       0.63          1  -0.001670     11.712          7  0.000e+00
      15715 204.947636    654.750     11.817    27.4745    27.4738    -0.0007   5.769904   5.768287       0.63          1  -0.001616     11.730          7  0.000e+00
      15716 204.947636    654.792     11.860    27.4743    27.4740    -0.0003   5.769849   5.768280       0.66          1  -0.001570     11.773          7  0.000e+00
      15841 204.947697    660.000     11.818    27.4749    27.4746    -0.0003   5.769987   5.768424       0.59          1  -0.001563     11.730          8  0.000e+00
      15842 204.947697    660.042     11.800    27.4747    27.4746    -0.0001   5.769962   5.768424       0.61          1  -0.001538     11.713          8  0.000e+00
      15843 204.947698    660.083     11.861    27.4749    27.4747    -0.0001   5.769962   5.768325       0.61          1  -0.001637     11.773          8  0.000e+00
      15844 204.947698    660.125     11.740    27.4749    27.4746    -0.0003   5.770000   5.768378       1.59          1  -0.001621     11.653          8  0.000e+00
      15845 204.947699    660.167     11.818    27.4749    27.4747    -0.0001   5.770042   5.768378      45.98          1  -0.001663     11.730          8  0.000e+00
      15846 204.947699    660.208     11.800    27.4752    27.4746    -0.0007   5.770067   5.768424      75.21          1  -0.001643     11.713          8  0.000e+00
      15847 204.947700    660.250     11.861    27.4754    27.4746    -0.0009   5.770025   5.768378      79.76          1  -0.001647     11.773          8  0.000e+00
      15848 204.947700    660.292     11.740    27.4756    27.4746    -0.0011   5.770042   5.768424      77.78          1  -0.001618     11.653          8  0.000e+00
      15849 204.947701    660.333     11.818    27.4756    27.4747    -0.0009   5.770054   5.768378      76.53          1  -0.001676     11.730          8  0.000e+00
      15850 204.947701    660.375     11.800    27.4756    27.4744    -0.0012   5.770067   5.768424      74.51          1  -0.001643     11.713          8  0.000e+00
      15851 204.947702    660.417     11.861    27.4758    27.4747    -0.0011   5.770088   5.768333      29.13          1  -0.001755     11.773          8  0.000e+00
      15852 204.947702    660.458     11.748    27.4758    27.4746    -0.0012   5.770130   5.768424       1.44          1  -0.001706     11.662          8  0.000e+00
      15853 204.947703    660.500     11.861    27.4754    27.4746    -0.0009   5.770075   5.768333       0.00          1  -0.001742     11.773          8  0.000e+00
      15854 204.947703    660.542     11.800    27.4756    27.4749    -0.0007   5.770084   5.768378       0.00          1  -0.001705     11.713          8  0.000e+00
      15855 204.947704    660.583     11.800    27.4758    27.4747    -0.0011   5.770079   5.768378       0.71          1  -0.001701     11.713          8  0.000e+00
      15856 204.947704    660.625     11.818    27.4760    27.4747    -0.0012   5.770088   5.768378       0.85          1  -0.001709     11.730          8  0.000e+00
      15857 204.947704    660.667     11.800    27.4758    27.4747    -0.0011   5.770096   5.768378       0.61          1  -0.001718     11.713          8  0.000e+00
      15858 204.947705    660.708     11.861    27.4756    27.4746    -0.0011   5.770033   5.768424       0.46          1  -0.001609     11.773          8  0.000e+00
      15859 204.947705    660.750     11.800    27.4752    27.4749    -0.0003   5.770059   5.768378       0.42          1  -0.001680     11.713          8  0.000e+00
      15860 204.947706    660.792     11.818    27.4750    27.4747    -0.0003   5.770059   5.768378       0.44          1  -0.001680     11.730          8  0.000e+00
      15861 204.947706    660.833     11.800    27.4752    27.4749    -0.0003   5.770054   5.768470       0.46          1  -0.001585     11.713          8  0.000e+00
      15862 204.947707    660.875     11.861    27.4750    27.4749    -0.0001   5.770054   5.768378       0.46          1  -0.001676     11.773          8  0.000e+00
      15863 204.947707    660.917     11.800    27.4752    27.4747    -0.0005   5.770004   5.768378       0.85          1  -0.001626     11.713          8  0.000e+00
      15864 204.947708    660.958     11.818    27.4752    27.4749    -0.0003   5.770067   5.768424       1.07          1  -0.001643     11.730          8  0.000e+00
      15865 204.947708    661.000     11.861    27.4752    27.4747    -0.0005   5.770033   5.768378       1.10          1  -0.001655     11.773          8  0.000e+00
      15866 204.947709    661.042     11.800    27.4752    27.4747    -0.0005   5.769979   5.768378       1.07          1  -0.001601     11.713          8  0.000e+00
      15867 204.947709    661.083     11.800    27.4752    27.4747    -0.0005   5.770012   5.768424       1.10          1  -0.001588     11.713          8  0.000e+00
      15868 204.947710    661.125     11.818    27.4752    27.4747    -0.0005   5.770017   5.768378       1.07          1  -0.001638     11.730          8  0.000e+00
      15869 204.947710    661.167     11.861    27.4754    27.4746    -0.0009   5.770042   5.768470       1.12          1  -0.001572     11.773          8  0.000e+00
      15870 204.947711    661.208     11.861    27.4756    27.4747    -0.0009   5.770021   5.768378       1.17          1  -0.001642     11.773          8  0.000e+00
      15871 204.947711    661.250     11.800    27.4752    27.4747    -0.0005   5.770059   5.768424       1.17          1  -0.001634     11.713          8  0.000e+00
      15872 204.947712    661.292     11.878    27.4752    27.4746    -0.0007   5.770025   5.768378       1.17          1  -0.001647     11.790          8  0.000e+00
      15873 204.947712    661.333     11.800    27.4754    27.4747    -0.0007   5.770012   5.768378       1.15          1  -0.001634     11.713          8  0.000e+00
      15874 204.947713    661.375     11.861    27.4754    27.4746    -0.0009   5.770013   5.768424       1.17          1  -0.001588     11.773          8  0.000e+00
      15875 204.947713    661.417     11.818    27.4758    27.4746    -0.0012   5.770012   5.768378       1.00          1  -0.001634     11.730          8  0.000e+00
      15876 204.947714    661.458     11.861    27.4756    27.4747    -0.0009   5.770088   5.768378       0.90          1  -0.001709     11.773          8  0.000e+00
      15877 204.947714    661.500     11.861    27.4756    27.4747    -0.0009   5.770038   5.768378       0.88          1  -0.001659     11.773          8  0.000e+00
      15878 204.947715    661.542     11.861    27.4754    27.4747    -0.0007   5.770075   5.768424       0.90          1  -0.001651     11.773          8  0.000e+00
      15879 204.947715    661.583     11.878    27.4756    27.4747    -0.0009   5.770063   5.768424       0.88          1  -0.001639     11.790          8  0.000e+00
      15880 204.947716    661.625     11.861    27.4756    27.4747    -0.0009   5.770067   5.768378       0.90          1  -0.001688     11.773          8  0.000e+00
      15881 204.947716    661.667     11.861    27.4754    27.4746    -0.0009   5.770059   5.768424       1.05          1  -0.001634     11.773          8  0.000e+00
      15882 204.947717    661.708     11.861    27.4756    27.4749    -0.0007   5.770084   5.768424       1.15          1  -0.001660     11.773          8  0.000e+00
