test_data/proc/CTD02.cnv
* Sea-Bird SBE 9 Data File:
* FileName = D:\ctd\raw\CTD02.hdr
* Software Version Seasave V 7.27.0.46
* Temperature SN = 4695
* Conductivity SN = 0618
* Number of Bytes Per Scan = 40
* Number of Voltage Words = 5
* Number of Scans Averaged by the Deck Unit = 1
* NMEA Latitude = 36 15.00 N
* NMEA Longitude = 066 35.03 W
* NMEA UTC (Time) = Jul 24 2025  08:39:22
* NMEA baud rate = 4800
** Ship: R/V Endeavor
** Cruise: EN734
** Principal Investigators: Bess Ward
** Chief_Scientist: Bess Ward
** Project: Nitrous Oxide Consumption in Surface Waters
** Cruise Start Date: 21 July 2025
** Ports: Narragansett to Narragansett, Rhode Island
** Bottom Depth:
** Operator:  JCH
# nquan = 21                                
# nvalues = 17184                       
# units = specified
# name 0 = scan: Scan Count
# name 1 = timeJ: Julian Days
# name 2 = timeS: Time, Elapsed [seconds]
# name 3 = prDM: Pressure, Digiquartz [db]
# name 4 = t090C: Temperature [ITS-90, deg C]
# name 5 = t190C: Temperature, 2 [ITS-90, deg C]
# name 6 = T2-T190C: Temperature Difference, 2 - 1 [ITS-90, deg C]
# name 7 = c0S/m: Conductivity [S/m]
# name 8 = c1S/m: Conductivity, 2 [S/m]
# name 9 = altM: Altimeter [m]
# name 10 = pumps: Pump Status
# name 11 = C2-C1S/m: Conductivity Difference, 2 - 1 [S/m]
# name 12 = depSM: Depth [salt water, m]
# name 13 = depSM: Depth [salt water, m], lat = 36.25
# name 14 = sal00: Salinity, Practical [PSU]
# name 15 = sigma-é00: Density [sigma-theta, kg/m^3]
# name 16 = potemp090C: Potential Temperature [ITS-90, deg C]
# name 17 = svCM: Sound Velocity [Chen-Millero, m/s]
# name 18 = svCM1: Sound Velocity, 2 [Chen-Millero, m/s]
# name 19 = dz/dtM: Descent Rate [m/s], WS = 2
# name 20 = flag: flag
# span 0 =          1,      17184       
# span 1 = 205.360706, 205.368993       
# span 2 =      0.000,    715.958       
# span 3 =      3.004,     50.604       
# span 4 =    23.4280,    27.5336       
# span 5 =    23.4308,    27.5333       
# span 6 =    -0.2622,     0.5878       
# span 7 =   5.362560,   5.759048       
# span 8 =   5.361011,   5.757635       
# span 9 =       0.00,     100.00       
# span 10 =          1,          1      
# span 11 =  -0.034655,   0.051160      
# span 12 =      2.920,     50.252      
# span 13 =      2.982,     50.227      
# span 14 =    36.2889,    36.6748      
# span 15 =    23.5229,    25.0747      
# span 16 =    23.4175,    27.5324      
# span 17 =    1533.20,    1542.08      
# span 18 =    1533.18,    1542.07      
# span 19 =     -0.736,      0.809      
# span 20 = 0.0000e+00, 0.0000e+00      
# interval = seconds: 0.0416667
# start_time = Jul 24 2025 08:39:25 [System UTC, header]
# bad_flag = -9.990e-29
*END*
[from data line 6001]
       6002 205.363600    250.042     32.984    25.2792    25.3284     0.0492   5.538034   5.541395       0.42          1   0.002723     32.724     32.740    36.4833    24.3792    25.2720    1537.23    1537.33     -0.414 0.0000e+00
       6003 205.363601    250.083     32.968    25.2698    25.3320     0.0622   5.536894   5.541788       0.42          1   0.004140     32.709     32.724    36.4824    24.3814    25.2626    1537.20    1537.34     -0.414 0.0000e+00
       6004 205.363601    250.125     32.954    25.2548    25.3352     0.0804   5.536078   5.542066       0.44          1   0.005224     32.705     32.710    36.4884    24.3906    25.2476    1537.17    1537.34     -0.415 0.0000e+00
       6005 205.363601    250.167     32.941    25.2529    25.3369     0.0840   5.536308   5.542228       0.42          1   0.005393     32.698     32.697    36.4917    24.3937    25.2457    1537.17    1537.35     -0.416 0.0000e+00
       6006 205.363602    250.208     32.927    25.2672    25.3374     0.0701   5.537569   5.542185      53.43          1   0.004401     32.689     32.683    36.4895    24.3876    25.2600    1537.20    1537.35     -0.419 0.0000e+00
       6007 205.363602    250.250     32.912    25.2836    25.3378     0.0542   5.539065   5.542088      96.21          1   0.003091     32.668     32.668    36.4874    24.3810    25.2764    1537.24    1537.35     -0.421 0.0000e+00
       6008 205.363603    250.292     32.898    25.2988    25.3378     0.0391   5.540555   5.542052     100.00          1   0.001545     32.648     32.654    36.4863    24.3754    25.2916    1537.28    1537.35     -0.424 0.0000e+00
       6009 205.363603    250.333     32.885    25.3122    25.3352     0.0230   5.541673   5.541967     100.00          1   0.000372     32.655     32.641    36.4838    24.3694    25.3050    1537.30    1537.34     -0.427 0.0000e+00
       6010 205.363604    250.375     32.870    25.3133    25.3329     0.0196   5.541619   5.542072     100.00          1   0.000414     32.651     32.627    36.4825    24.3681    25.3061    1537.31    1537.34     -0.431 0.0000e+00
       6011 205.363604    250.417     32.853    25.3024    25.3350     0.0326   5.540553   5.542320      99.73          1   0.001350     32.624     32.610    36.4834    24.3721    25.2952    1537.28    1537.34     -0.435 0.0000e+00
       6012 205.363605    250.458     32.834    25.2910    25.3376     0.0466   5.539703   5.542500      50.82          1   0.002345     32.595     32.591    36.4862    24.3778    25.2838    1537.26    1537.35     -0.440 0.0000e+00
       6013 205.363605    250.500     32.816    25.2809    25.3398     0.0590   5.539406   5.542598       5.59          1   0.002873     32.579     32.573    36.4922    24.3854    25.2737    1537.24    1537.35     -0.445 0.0000e+00
       6014 205.363606    250.542     32.797    25.2837    25.3412     0.0575   5.540377   5.542549       0.00          1   0.002053     32.571     32.554    36.4971    24.3883    25.2765    1537.25    1537.35     -0.451 0.0000e+00
       6015 205.363606    250.583     32.777    25.3057    25.3402     0.0345   5.542356   5.542556       0.00          1   0.000219     32.542     32.534    36.4941    24.3792    25.2985    1537.30    1537.35     -0.457 0.0000e+00
       6016 205.363607    250.625     32.756    25.3284    25.3412     0.0128   5.544073   5.542795       0.32          1  -0.001525     32.502     32.513    36.4886    24.3681    25.3212    1537.35    1537.35     -0.464 0.0000e+00
       6017 205.363607    250.667     32.736    25.3398    25.3424     0.0026   5.545123   5.543076       0.68          1  -0.002495     32.490     32.494    36.4872    24.3635    25.3326    1537.37    1537.36     -0.470 0.0000e+00
       6018 205.363608    250.708     32.716    25.3462    25.3450    -0.0013   5.545567   5.543392       0.66          1  -0.002620     32.480     32.474    36.4854    24.3601    25.3390    1537.38    1537.36     -0.478 0.0000e+00
       6019 205.363608    250.750     32.696    25.3494    25.3485    -0.0008   5.545672   5.543781       0.61          1  -0.002446     32.458     32.454    36.4836    24.3578    25.3422    1537.39    1537.37     -0.485 0.0000e+00
       6020 205.363609    250.792     32.675    25.3538    25.3511    -0.0028   5.546187   5.544062       0.61          1  -0.002627     32.431     32.433    36.4839    24.3566    25.3466    1537.40    1537.38     -0.493 0.0000e+00
       6021 205.363609    250.833     32.655    25.3585    25.3528    -0.0057   5.546799   5.544315       0.61          1  -0.002827     32.402     32.413    36.4846    24.3558    25.3513    1537.41    1537.38     -0.502 0.0000e+00
       6022 205.363610    250.875     32.635    25.3607    25.3569    -0.0038   5.547065   5.544870       0.61          1  -0.002855     32.386     32.393    36.4848    24.3552    25.3535    1537.42    1537.39     -0.511 0.0000e+00
       6023 205.363610    250.917     32.617    25.3639    25.3629    -0.0010   5.547362   5.545669       0.61          1  -0.002890     32.381     32.375    36.4845    24.3540    25.3567    1537.42    1537.41     -0.520 0.0000e+00
       6024 205.363611    250.958     32.597    25.3685    25.3691     0.0006   5.548076   5.546322       0.71          1  -0.002954     32.366     32.356    36.4861    24.3538    25.3613    1537.44    1537.42     -0.529 0.0000e+00
       6025 205.363611    251.000     32.577    25.3757    25.3732    -0.0025   5.548854   5.546638       0.71          1  -0.002881     32.341     32.336    36.4860    24.3515    25.3685    1537.45    1537.43     -0.539 0.0000e+00
       6026 205.363612    251.042     32.557    25.3817    25.3754    -0.0063   5.549272   5.546592       0.71          1  -0.002713     32.333     32.316    36.4843    24.3484    25.3745    1537.46    1537.43     -0.549 0.0000e+00
       6027 205.363612    251.083     32.535    25.3837    25.3738    -0.0099   5.549245   5.546497       0.71          1  -0.002464     32.323     32.294    36.4825    24.3464    25.3765    1537.47    1537.43     -0.559 0.0000e+00
       6028 205.363613    251.125     32.510    25.3815    25.3757    -0.0058   5.549359   5.546979       0.76          1  -0.002726     32.272     32.269    36.4851    24.3491    25.3743    1537.46    1537.44     -0.569 0.0000e+00
       6029 205.363613    251.167     32.485    25.3862    25.3787    -0.0075   5.550043   5.547180       0.76          1  -0.003471     32.220     32.244    36.4864    24.3486    25.3790    1537.48    1537.44     -0.579 0.0000e+00
       6030 205.363614    251.208     32.463    25.3946    25.3761    -0.0185   5.550891   5.546642       0.68          1  -0.003635     32.219     32.223    36.4860    24.3456    25.3874    1537.50    1537.43     -0.589 0.0000e+00
       6031 205.363614    251.250     32.441    25.4007    25.3731    -0.0276   5.551736   5.546331       0.61          1  -0.004424     32.232     32.201    36.4873    24.3448    25.3936    1537.51    1537.43     -0.600 0.0000e+00
       6032 205.363614    251.292     32.415    25.4078    25.3741    -0.0337   5.552527   5.547042       0.59          1  -0.005911     32.209     32.175    36.4875    24.3427    25.4007    1537.53    1537.43     -0.610 0.0000e+00
       6033 205.363615    251.333     32.387    25.4143    25.3841    -0.0302   5.553156   5.548471       0.61          1  -0.006684     32.161     32.147    36.4870    24.3403    25.4072    1537.54    1537.46     -0.620 0.0000e+00
       6034 205.363615    251.375     32.357    25.4194    25.3954    -0.0239   5.553431   5.549712       0.61          1  -0.005950     32.118     32.117    36.4849    24.3372    25.4123    1537.55    1537.49     -0.629 0.0000e+00
       6035 205.363616    251.417     32.328    25.4210    25.4069    -0.0141   5.553653   5.550874       0.61          1  -0.004637     32.083     32.089    36.4853    24.3369    25.4139    1537.55    1537.51     -0.638 0.0000e+00
       6036 205.363616    251.458     32.299    25.4224    25.4176    -0.0048   5.554089   5.551908       0.66          1  -0.003971     32.052     32.060    36.4874    24.3381    25.4153    1537.56    1537.54     -0.647 0.0000e+00
       6037 205.363617    251.500     32.271    25.4284    25.4256    -0.0028   5.554921   5.552816       0.71          1  -0.003650     32.031     32.032    36.4887    24.3373    25.4213    1537.57    1537.55     -0.655 0.0000e+00
       6038 205.363617    251.542     32.244    25.4356    25.4331    -0.0025   5.555594   5.553598       0.71          1  -0.003343     32.013     32.005    36.4879    24.3344    25.4285    1537.59    1537.57     -0.663 0.0000e+00
       6039 205.363618    251.583     32.215    25.4397    25.4382    -0.0015   5.555680   5.554097       0.71          1  -0.002558     31.985     31.976    36.4853    24.3312    25.4326    1537.60    1537.58     -0.671 0.0000e+00
       6040 205.363618    251.625     32.185    25.4403    25.4409     0.0006   5.555908   5.554199       0.71          1  -0.002060     31.954     31.947    36.4865    24.3319    25.4332    1537.60    1537.59     -0.678 0.0000e+00
       6041 205.363619    251.667     32.155    25.4481    25.4418    -0.0063   5.556754   5.554295       0.71          1  -0.002479     31.922     31.917    36.4865    24.3295    25.4410    1537.62    1537.59     -0.686 0.0000e+00
       6042 205.363619    251.708     32.125    25.4536    25.4455    -0.0081   5.557478   5.554816       0.61          1  -0.003195     31.899     31.887    36.4875    24.3285    25.4465    1537.63    1537.60     -0.692 0.0000e+00
       6043 205.363620    251.750     32.094    25.4565    25.4513    -0.0052   5.557759   5.555637       0.46          1  -0.003340     31.862     31.856    36.4872    24.3274    25.4494    1537.64    1537.61     -0.699 0.0000e+00
       6044 205.363620    251.792     32.062    25.4585    25.4580    -0.0005   5.558110   5.556382       0.42          1  -0.003050     31.815     31.825    36.4882    24.3276    25.4514    1537.64    1537.63     -0.704 0.0000e+00
       6045 205.363621    251.833     32.031    25.4624    25.4625     0.0001   5.558565   5.556626       0.44          1  -0.002635     31.787     31.794    36.4885    24.3265    25.4553    1537.65    1537.64     -0.710 0.0000e+00
       6046 205.363621    251.875     32.001    25.4675    25.4639    -0.0036   5.558873   5.556612       0.42          1  -0.002248     31.762     31.764    36.4867    24.3236    25.4604    1537.66    1537.64     -0.715 0.0000e+00
       6047 205.363622    251.917     31.971    25.4691    25.4654    -0.0037   5.559084   5.556563       0.42          1  -0.002372     31.741     31.734    36.4869    24.3233    25.4620    1537.66    1537.64     -0.720 0.0000e+00
       6048 205.363622    251.958     31.940    25.4735    25.4623    -0.0112   5.559517   5.556124       0.46          1  -0.002844     31.711     31.703    36.4866    24.3217    25.4664    1537.67    1537.63     -0.724 0.0000e+00
       6049 205.363623    252.000     31.909    25.4780    25.4625    -0.0155   5.559962   5.556359       0.51          1  -0.003329     31.682     31.673    36.4863    24.3201    25.4710    1537.68    1537.63     -0.728 0.0000e+00
       6050 205.363623    252.042     31.877    25.4811    25.4696    -0.0116   5.560440   5.557323       0.51          1  -0.004352     31.659     31.641    36.4874    24.3199    25.4741    1537.69    1537.65     -0.731 0.0000e+00
       6051 205.363624    252.083     31.843    25.4862    25.4765    -0.0097   5.560821   5.558194       0.49          1  -0.004225     31.616     31.607    36.4861    24.3174    25.4792    1537.70    1537.67     -0.733 0.0000e+00
       6052 205.363624    252.125     31.808    25.4889    25.4821    -0.0069   5.561093   5.558739       0.49          1  -0.003397     31.570     31.572    36.4860    24.3164    25.4819    1537.71    1537.68     -0.734 0.0000e+00
       6053 205.363625    252.167     31.774    25.4911    25.4859    -0.0052   5.561338   5.558924       0.49          1  -0.002866     31.534     31.539    36.4860    24.3158    25.4841    1537.71    1537.69     -0.736 0.0000e+00
       6054 205.363625    252.208     31.740    25.4923    25.4866    -0.0057   5.561461   5.558838       0.61          1  -0.002538     31.500     31.505    36.4860    24.3154    25.4853    1537.71    1537.68     -0.736 0.0000e+00
       6055 205.363626    252.250     31.706    25.4935    25.4866    -0.0068   5.561509   5.558932       0.71          1  -0.002501     31.459     31.471    36.4854    24.3145    25.4865    1537.72    1537.69     -0.736 0.0000e+00
       6056 205.363626    252.292     31.674    25.4964    25.4879    -0.0085   5.561893   5.559080       0.78          1  -0.003018     31.428     31.439    36.4859    24.3140    25.4894    1537.72    1537.69     -0.735 0.0000e+00
       6057 205.363627    252.333     31.642    25.5000    25.4888    -0.0112   5.562270   5.559144       0.78          1  -0.003213     31.404     31.408    36.4858    24.3129    25.4930    1537.73    1537.69     -0.732 0.0000e+00
       6058 205.363627    252.375     31.611    25.5022    25.4891    -0.0130   5.562506   5.559149       0.78          1  -0.003310     31.364     31.377    36.4858    24.3122    25.4952    1537.74    1537.69     -0.729 0.0000e+00
       6059 205.363628    252.417     31.581    25.5043    25.4899    -0.0145   5.562743   5.559278       0.78          1  -0.003503     31.339     31.347    36.4859    24.3116    25.4973    1537.74    1537.69     -0.725 0.0000e+00
       6060 205.363628    252.458     31.552    25.5069    25.4910    -0.0159   5.563121   5.559318       0.71          1  -0.003881     31.324     31.318    36.4866    24.3113    25.4999    1537.75    1537.69     -0.721 0.0000e+00
       6061 205.363628    252.500     31.521    25.5101    25.4906    -0.0195   5.563444   5.559343       0.68          1  -0.004023     31.290     31.288    36.4864    24.3102    25.5031    1537.75    1537.69     -0.716 0.0000e+00
       6062 205.363629    252.542     31.491    25.5130    25.4915    -0.0215   5.563769   5.559557       0.68          1  -0.004348     31.251     31.258    36.4865    24.3093    25.5060    1537.76    1537.69     -0.711 0.0000e+00
       6063 205.363629    252.583     31.461    25.5155    25.4939    -0.0217   5.564192   5.559867       0.68          1  -0.004726     31.219     31.228    36.4876    24.3094    25.5085    1537.77    1537.70     -0.705 0.0000e+00
       6064 205.363630    252.625     31.433    25.5196    25.4946    -0.0250   5.564686   5.559873       0.68          1  -0.004939     31.198     31.200    36.4880    24.3084    25.5126    1537.78    1537.70     -0.698 0.0000e+00
       6065 205.363630    252.667     31.404    25.5230    25.4926    -0.0304   5.565070   5.559422       0.68          1  -0.005000     31.180     31.171    36.4881    24.3075    25.5161    1537.78    1537.69     -0.691 0.0000e+00
       6066 205.363631    252.708     31.375    25.5268    25.4864    -0.0404   5.565559   5.558606       0.78          1  -0.005575     31.152     31.143    36.4887    24.3067    25.5199    1537.79    1537.68     -0.684 0.0000e+00
       6067 205.363631    252.750     31.344    25.5300    25.4810    -0.0490   5.565943   5.557850       0.88          1  -0.006511     31.118     31.112    36.4890    24.3059    25.5231    1537.80    1537.66     -0.677 0.0000e+00
       6068 205.363632    252.792     31.313    25.5328    25.4743    -0.0586   5.566095   5.557100       0.90          1  -0.007530     31.075     31.081    36.4879    24.3042    25.5259    1537.80    1537.65     -0.669 0.0000e+00
