test_data/proc/CTD02.cnv
* Sea-Bird SBE 9 Data File:
* FileName = D:\ctd\raw\CTD02.hdr
* Software Version Seasave V 7.27.0.46
* Temperature SN = 4695
* Conductivity SN = 0618
* Number of Bytes Per Scan = 40
* Number of Voltage Words = 5
* Number of Scans Averaged by the Deck Unit = 1
* NMEA Latitude = 36 15.00 N
* NMEA Longitude = 066 35.03 W
* NMEA UTC (Time) = Jul 24 2025  08:39:22
* NMEA baud rate = 4800
** Ship: R/V Endeavor
** Cruise: EN734
** Principal Investigators: Bess Ward
** Chief_Scientist: Bess Ward
** Project: Nitrous Oxide Consumption in Surface Waters
** Cruise Start Date: 21 July 2025
** Ports: Narragansett to Narragansett, Rhode Island
** Bottom Depth:
** Operator:  JCH
# nquan = 21                                
# nvalues = 17184                       
# units = specified
# name 0 = scan: Scan Count
# name 1 = timeJ: Julian Days
# name 2 = timeS: Time, Elapsed [seconds]
# name 3 = prDM: Pressure, Digiquartz [db]
# name 4 = t090C: Temperature [ITS-90, deg C]
# name 5 = t190C: Temperature, 2 [ITS-90, deg C]
# name 6 = T2-T190C: Temperature Difference, 2 - 1 [ITS-90, deg C]
# name 7 = c0S/m: Conductivity [S/m]
# name 8 = c1S/m: Conductivity, 2 [S/m]
# name 9 = altM: Altimeter [m]
# name 10 = pumps: Pump Status
# name 11 = C2-C1S/m: Conductivity Difference, 2 - 1 [S/m]
# name 12 = depSM: Depth [salt water, m]
# name 13 = depSM: Depth [salt water, m], lat = 36.25
# name 14 = sal00: Salinity, Practical [PSU]
# name 15 = sigma-é00: Density [sigma-theta, kg/m^3]
# name 16 = potemp090C: Potential Temperature [ITS-90, deg C]
# name 17 = svCM: Sound Velocity [Chen-Millero, m/s]
# name 18 = svCM1: Sound Velocity, 2 [Chen-Millero, m/s]
# name 19 = dz/dtM: Descent Rate [m/s], WS = 2
# name 20 = flag: flag
# span 0 =          1,      17184       
# span 1 = 205.360706, 205.368993       
# span 2 =      0.000,    715.958       
# span 3 =      3.004,     50.604       
# span 4 =    23.4280,    27.5336       
# span 5 =    23.4308,    27.5333       
# span 6 =    -0.2622,     0.5878       
# span 7 =   5.362560,   5.759048       
# span 8 =   5.361011,   5.757635       
# span 9 =       0.00,     100.00       
# span 10 =          1,          1      
# span 11 =  -0.034655,   0.051160      
# span 12 =      2.920,     50.252      
# span 13 =      2.982,     50.227      
# span 14 =    36.2889,    36.6748      
# span 15 =    23.5229,    25.0747      
# span 16 =    23.4175,    27.5324      
# span 17 =    1533.20,    1542.08      
# span 18 =    1533.18,    1542.07      
# span 19 =     -0.736,      0.809      
# span 20 = 0.0000e+00, 0.0000e+00      
# interval = seconds: 0.0416667
# start_time = Jul 24 2025 08:39:25 [System UTC, header]
# bad_flag = -9.990e-29
*END*
[from data line 9380]
       9381 205.365230    390.833      5.009    27.5272    27.5278     0.0006   5.757055   5.755420       0.68          1  -0.001545      4.982      4.972    36.3064    23.5323    27.5260    1541.75    1541.73      0.088 0.0000e+00
       9382 205.365230    390.875      5.013    27.5272    27.5278     0.0006   5.757021   5.755414       0.68          1  -0.001603      4.975      4.976    36.3062    23.5321    27.5260    1541.75    1541.73      0.083 0.0000e+00
       9383 205.365231    390.917      5.018    27.5270    27.5276     0.0006   5.756999   5.755418       0.68          1  -0.001582      4.985      4.981    36.3062    23.5322    27.5258    1541.75    1541.73      0.078 0.0000e+00
       9384 205.365231    390.958      5.022    27.5268    27.5273     0.0005   5.756974   5.755418       0.71          1  -0.001564      4.997      4.985    36.3061    23.5322    27.5256    1541.75    1541.73      0.072 0.0000e+00
       9385 205.365231    391.000      5.025    27.5264    27.5274     0.0010   5.756894   5.755378       0.73          1  -0.001477      4.996      4.988    36.3059    23.5322    27.5252    1541.74    1541.73      0.066 0.0000e+00
       9386 205.365232    391.042      5.028    27.5261    27.5274     0.0014   5.756964   5.755406       0.73          1  -0.001548      4.985      4.991    36.3066    23.5328    27.5249    1541.74    1541.73      0.060 0.0000e+00
       9387 205.365232    391.083      5.031    27.5264    27.5276     0.0012   5.756936   5.755414       0.76          1  -0.001572      4.989      4.994    36.3062    23.5324    27.5252    1541.74    1541.73      0.054 0.0000e+00
       9388 205.365233    391.125      5.035    27.5264    27.5274     0.0010   5.756919   5.755416       0.73          1  -0.001502      5.011      4.998    36.3061    23.5323    27.5252    1541.74    1541.73      0.047 0.0000e+00
       9389 205.365233    391.167      5.037    27.5270    27.5274     0.0004   5.756950   5.755378       0.73          1  -0.001539      5.014      5.000    36.3058    23.5319    27.5258    1541.75    1541.73      0.041 0.0000e+00
       9390 205.365234    391.208      5.038    27.5266    27.5271     0.0005   5.756958   5.755365       0.81          1  -0.001540      5.003      5.001    36.3062    23.5323    27.5254    1541.75    1541.73      0.034 0.0000e+00
       9391 205.365234    391.250      5.040    27.5268    27.5269     0.0001   5.756958   5.755330       0.85          1  -0.001593      5.002      5.003    36.3060    23.5321    27.5256    1541.75    1541.73      0.027 0.0000e+00
       9392 205.365235    391.292      5.041    27.5268    27.5267    -0.0001   5.756962   5.755352       0.88          1  -0.001597      5.004      5.004    36.3061    23.5322    27.5256    1541.75    1541.73      0.021 0.0000e+00
       9393 205.365235    391.333      5.043    27.5270    27.5267    -0.0003   5.756929   5.755329       0.88          1  -0.001609      5.017      5.006    36.3057    23.5318    27.5258    1541.75    1541.73      0.014 0.0000e+00
       9394 205.365236    391.375      5.044    27.5268    27.5267    -0.0001   5.756978   5.755284       0.85          1  -0.001614      5.027      5.007    36.3062    23.5322    27.5256    1541.75    1541.73      0.008 0.0000e+00
       9395 205.365236    391.417      5.042    27.5268    27.5265    -0.0003   5.756937   5.755375       0.85          1  -0.001618      5.015      5.005    36.3059    23.5320    27.5256    1541.75    1541.73      0.003 0.0000e+00
       9396 205.365237    391.458      5.040    27.5270    27.5269    -0.0001   5.756984   5.755375       0.68          1  -0.001709      5.005      5.003    36.3061    23.5321    27.5258    1541.75    1541.73     -0.003 0.0000e+00
       9397 205.365237    391.500      5.038    27.5272    27.5270    -0.0001   5.756972   5.755365       0.54          1  -0.001560      5.014      5.001    36.3058    23.5318    27.5260    1541.75    1541.73     -0.009 0.0000e+00
       9398 205.365238    391.542      5.035    27.5266    27.5269     0.0003   5.756987   5.755405       0.51          1  -0.001622      5.012      4.998    36.3064    23.5325    27.5254    1541.75    1541.73     -0.015 0.0000e+00
       9399 205.365238    391.583      5.031    27.5270    27.5271     0.0001   5.756904   5.755378       0.51          1  -0.001539      4.989      4.994    36.3055    23.5317    27.5258    1541.75    1541.73     -0.021 0.0000e+00
       9400 205.365239    391.625      5.027    27.5266    27.5271     0.0005   5.756974   5.755406       0.51          1  -0.001557      4.986      4.990    36.3063    23.5324    27.5254    1541.75    1541.73     -0.026 0.0000e+00
       9401 205.365239    391.667      5.024    27.5266    27.5274     0.0008   5.756970   5.755379       0.51          1  -0.001606      4.994      4.987    36.3063    23.5324    27.5254    1541.75    1541.73     -0.031 0.0000e+00
       9402 205.365240    391.708      5.020    27.5268    27.5271     0.0003   5.756959   5.755405       0.66          1  -0.001540      4.982      4.983    36.3060    23.5321    27.5256    1541.75    1541.73     -0.036 0.0000e+00
       9403 205.365240    391.750      5.016    27.5270    27.5271     0.0001   5.756988   5.755413       0.81          1  -0.001622      4.968      4.979    36.3061    23.5321    27.5258    1541.75    1541.73     -0.040 0.0000e+00
       9404 205.365241    391.792      5.012    27.5270    27.5273     0.0003   5.756942   5.755377       0.83          1  -0.001523      4.966      4.975    36.3058    23.5319    27.5258    1541.75    1541.73     -0.044 0.0000e+00
       9405 205.365241    391.833      5.010    27.5272    27.5271    -0.0001   5.756980   5.755406       0.83          1  -0.001569      4.969      4.973    36.3059    23.5319    27.5260    1541.75    1541.73     -0.048 0.0000e+00
       9406 205.365242    391.875      5.009    27.5272    27.5274     0.0002   5.757001   5.755379       0.83          1  -0.001635      4.980      4.972    36.3060    23.5320    27.5260    1541.75    1541.73     -0.051 0.0000e+00
       9407 205.365242    391.917      5.006    27.5270    27.5273     0.0003   5.756968   5.755407       0.83          1  -0.001548      4.982      4.969    36.3060    23.5320    27.5258    1541.75    1541.73     -0.054 0.0000e+00
       9408 205.365243    391.958      5.003    27.5268    27.5273     0.0005   5.756933   5.755379       0.83          1  -0.001568      4.972      4.966    36.3059    23.5320    27.5256    1541.74    1541.73     -0.056 0.0000e+00
       9409 205.365243    392.000      4.999    27.5261    27.5274     0.0014   5.756948   5.755366       0.85          1  -0.001532      4.968      4.962    36.3065    23.5327    27.5249    1541.74    1541.73     -0.059 0.0000e+00
       9410 205.365244    392.042      4.995    27.5257    27.5272     0.0015   5.756826   5.755406       0.85          1  -0.001464      4.954      4.958    36.3060    23.5324    27.5245    1541.74    1541.73     -0.060 0.0000e+00
       9411 205.365244    392.083      4.991    27.5261    27.5271     0.0010   5.756848   5.755418       0.85          1  -0.001485      4.950      4.954    36.3058    23.5322    27.5249    1541.74    1541.73     -0.062 0.0000e+00
       9412 205.365245    392.125      4.987    27.5264    27.5273     0.0008   5.756912   5.755414       0.85          1  -0.001494      4.949      4.950    36.3060    23.5323    27.5252    1541.74    1541.73     -0.063 0.0000e+00
       9413 205.365245    392.167      4.984    27.5262    27.5273     0.0010   5.756915   5.755344       0.85          1  -0.001498      4.939      4.947    36.3062    23.5325    27.5250    1541.74    1541.73     -0.064 0.0000e+00
       9414 205.365245    392.208      4.981    27.5262    27.5272     0.0010   5.756944   5.755355       0.78          1  -0.001535      4.937      4.944    36.3064    23.5326    27.5250    1541.74    1541.73     -0.064 0.0000e+00
       9415 205.365246    392.250      4.979    27.5259    27.5273     0.0014   5.756893   5.755366       0.68          1  -0.001576      4.938      4.942    36.3063    23.5326    27.5247    1541.74    1541.73     -0.064 0.0000e+00
       9416 205.365246    392.292      4.977    27.5262    27.5271     0.0008   5.756911   5.755332       0.68          1  -0.001547      4.948      4.940    36.3062    23.5324    27.5250    1541.74    1541.73     -0.063 0.0000e+00
       9417 205.365247    392.333      4.975    27.5261    27.5267     0.0006   5.756915   5.755319       0.68          1  -0.001551      4.948      4.938    36.3063    23.5326    27.5249    1541.74    1541.73     -0.062 0.0000e+00
       9418 205.365247    392.375      4.972    27.5262    27.5261    -0.0001   5.756882   5.755215       0.68          1  -0.001563      4.937      4.936    36.3060    23.5323    27.5250    1541.74    1541.73     -0.061 0.0000e+00
       9419 205.365248    392.417      4.969    27.5259    27.5258    -0.0001   5.756835   5.755215       0.68          1  -0.001517      4.933      4.933    36.3059    23.5323    27.5247    1541.74    1541.73     -0.059 0.0000e+00
       9420 205.365248    392.458      4.965    27.5251    27.5252     0.0001   5.756799   5.755150       0.63          1  -0.001621      4.922      4.929    36.3062    23.5328    27.5239    1541.74    1541.73     -0.057 0.0000e+00
       9421 205.365249    392.500      4.963    27.5251    27.5250    -0.0001   5.756782   5.755164       0.56          1  -0.001558      4.923      4.927    36.3061    23.5328    27.5239    1541.74    1541.73     -0.055 0.0000e+00
       9422 205.365249    392.542      4.961    27.5250    27.5246    -0.0003   5.756749   5.755136       0.56          1  -0.001624      4.931      4.925    36.3060    23.5327    27.5238    1541.74    1541.73     -0.053 0.0000e+00
       9423 205.365250    392.583      4.958    27.5248    27.5249     0.0001   5.756770   5.755164       0.56          1  -0.001591      4.920      4.922    36.3063    23.5330    27.5236    1541.74    1541.73     -0.051 0.0000e+00
       9424 205.365250    392.625      4.955    27.5246    27.5245    -0.0001   5.756723   5.755136       0.56          1  -0.001599      4.909      4.919    36.3061    23.5329    27.5234    1541.74    1541.73     -0.049 0.0000e+00
       9425 205.365251    392.667      4.953    27.5246    27.5243    -0.0003   5.756731   5.755088       0.56          1  -0.001554      4.909      4.917    36.3061    23.5329    27.5234    1541.74    1541.73     -0.047 0.0000e+00
       9426 205.365251    392.708      4.952    27.5246    27.5241    -0.0005   5.756672   5.755042       0.61          1  -0.001548      4.920      4.916    36.3057    23.5326    27.5234    1541.74    1541.73     -0.045 0.0000e+00
       9427 205.365252    392.750      4.950    27.5242    27.5236    -0.0007   5.756651   5.755029       0.68          1  -0.001573      4.929      4.914    36.3059    23.5329    27.5230    1541.74    1541.72     -0.043 0.0000e+00
       9428 205.365252    392.792      4.947    27.5242    27.5239    -0.0003   5.756688   5.755066       0.68          1  -0.001656      4.916      4.911    36.3062    23.5331    27.5230    1541.74    1541.73     -0.041 0.0000e+00
       9429 205.365253    392.833      4.943    27.5240    27.5239    -0.0001   5.756691   5.755077       0.68          1  -0.001660      4.892      4.907    36.3063    23.5333    27.5228    1541.74    1541.73     -0.039 0.0000e+00
       9430 205.365253    392.875      4.941    27.5246    27.5241    -0.0005   5.756727   5.755076       0.68          1  -0.001648      4.890      4.905    36.3061    23.5329    27.5234    1541.74    1541.73     -0.036 0.0000e+00
       9431 205.365254    392.917      4.940    27.5242    27.5243     0.0001   5.756768   5.755112       0.68          1  -0.001690      4.900      4.904    36.3067    23.5335    27.5230    1541.74    1541.73     -0.034 0.0000e+00
       9432 205.365254    392.958      4.940    27.5250    27.5243    -0.0006   5.756787   5.755089       0.98          1  -0.001707      4.904      4.904    36.3062    23.5329    27.5238    1541.74    1541.73     -0.031 0.0000e+00
       9433 205.365255    393.000      4.939    27.5251    27.5243    -0.0008   5.756817   5.755112       1.25          1  -0.001691      4.915      4.903    36.3064    23.5329    27.5239    1541.74    1541.73     -0.028 0.0000e+00
       9434 205.365255    393.042      4.938    27.5253    27.5241    -0.0012   5.756793   5.755088       1.29          1  -0.001711      4.913      4.902    36.3060    23.5326    27.5241    1541.74    1541.73     -0.026 0.0000e+00
       9435 205.365256    393.083      4.935    27.5253    27.5239    -0.0014   5.756813   5.755077       1.29          1  -0.001686      4.879      4.899    36.3062    23.5327    27.5241    1541.74    1541.73     -0.023 0.0000e+00
       9436 205.365256    393.125      4.933    27.5250    27.5236    -0.0014   5.756766   5.755041       1.27          1  -0.001686      4.867      4.897    36.3061    23.5328    27.5238    1541.74    1541.72     -0.021 0.0000e+00
       9437 205.365257    393.167      4.936    27.5251    27.5236    -0.0016   5.756775   5.754956       1.27          1  -0.001694      4.897      4.900    36.3061    23.5327    27.5239    1541.74    1541.72     -0.018 0.0000e+00
       9438 205.365257    393.208      4.938    27.5251    27.5234    -0.0017   5.756751   5.754966       1.00          1  -0.001715      4.913      4.902    36.3059    23.5326    27.5239    1541.74    1541.72     -0.015 0.0000e+00
       9439 205.365258    393.250      4.938    27.5251    27.5232    -0.0020   5.756772   5.755016       0.73          1  -0.001834      4.907      4.902    36.3061    23.5327    27.5239    1541.74    1541.72     -0.013 0.0000e+00
       9440 205.365258    393.292      4.938    27.5251    27.5232    -0.0019   5.756788   5.754994       0.68          1  -0.001805      4.906      4.902    36.3062    23.5328    27.5239    1541.74    1541.72     -0.010 0.0000e+00
       9441 205.365258    393.333      4.938    27.5250    27.5236    -0.0014   5.756783   5.755128       0.68          1  -0.001748      4.906      4.902    36.3062    23.5329    27.5238    1541.74    1541.73     -0.007 0.0000e+00
       9442 205.365259    393.375      4.938    27.5250    27.5241    -0.0008   5.756783   5.755136       0.71          1  -0.001794      4.906      4.902    36.3062    23.5329    27.5238    1541.74    1541.73     -0.005 0.0000e+00
       9443 205.365259    393.417      4.937    27.5248    27.5245    -0.0003   5.756750   5.755165       0.71          1  -0.001570      4.905      4.901    36.3061    23.5329    27.5236    1541.74    1541.73     -0.002 0.0000e+00
       9444 205.365260    393.458      4.936    27.5246    27.5249     0.0003   5.756745   5.755179       0.61          1  -0.001619      4.901      4.900    36.3063    23.5330    27.5234    1541.74    1541.73      0.001 0.0000e+00
       9445 205.365260    393.500      4.934    27.5244    27.5252     0.0008   5.756707   5.755215       0.54          1  -0.001529      4.889      4.898    36.3061    23.5330    27.5232    1541.74    1541.73      0.004 0.0000e+00
       9446 205.365261    393.542      4.934    27.5244    27.5252     0.0008   5.756694   5.755220       0.54          1  -0.001516      4.889      4.898    36.3060    23.5329    27.5232    1541.74    1541.73      0.007 0.0000e+00
       9447 205.365261    393.583      4.934    27.5248    27.5252     0.0004   5.756729   5.755189       0.54          1  -0.001504      4.897      4.898    36.3060    23.5327    27.5236    1541.74    1541.73      0.009 0.0000e+00
       9448 205.365262    393.625      4.934    27.5248    27.5254     0.0006   5.756771   5.755216       0.54          1  -0.001553      4.888      4.898    36.3063    23.5330    27.5236    1541.74    1541.73      0.012 0.0000e+00
