test_data/proc/CTD03.ros
* Sea-Bird SBE 9 Data File:
* FileName = D:\ctd\raw\CTD03.hdr
* Software Version Seasave V 7.27.0.46
* Temperature SN = 4695
* Conductivity SN = 0618
* Number of Bytes Per Scan = 40
* Number of Voltage Words = 5
* Number of Scans Averaged by the Deck Unit = 1
* NMEA Latitude = 36 15.03 N
* NMEA Longitude = 066 35.01 W
* NMEA UTC (Time) = Jul 24 2025  09:45:19
* NMEA baud rate = 4800
** Ship: R/V Endeavor
** Cruise: EN734
** Principal Investigators: Bess Ward
** Chief_Scientist: Bess Ward
** Project: Nitrous Oxide Consumption in Surface Waters
** Cruise Start Date: 21 July 2025
** Ports: Narragansett to Narragansett, Rhode Island
** Bottom Depth:
** Operator:
# nquan = 15
# nvalues = 588                                   
# units = specified
# name 0 = scan: Scan Count
# name 1 = timeJ: Julian Days
# name 2 = timeS: Time, Elapsed [seconds]
# name 3 = prDM: Pressure, Digiquartz [db]
# name 4 = t090C: Temperature [ITS-90, deg C]
# name 5 = t190C: Temperature, 2 [ITS-90, deg C]
# name 6 = T2-T190C: Temperature Difference, 2 - 1 [ITS-90, deg C]
# name 7 = c0S/m: Conductivity [S/m]
# name 8 = c1S/m: Conductivity, 2 [S/m]
# name 9 = altM: Altimeter [m]
# name 10 = pumps: Pump Status
# name 11 = C2-C1S/m: Conductivity Difference, 2 - 1 [S/m]
# name 12 = depSM: Depth [salt water, m]
# name 13 = nbf: Bottles Fired
# name 14 = flag:  0.000e+00
# interval = seconds: 0.0416667
# start_time = Jul 24 2025 09:45:22 [System UTC, header]
# bad_flag = -9.990e-29
*END*
[from data line 290]
     133236 205.470758   5551.458    300.231    18.7100    18.7097    -0.0003   4.868297   4.866726       0.44          1  -0.001570    297.814          6  0.000e+00
     133237 205.470758   5551.500    300.231    18.7100    18.7097    -0.0003   4.868308   4.866698       0.42          1  -0.001610    297.814          6  0.000e+00
     133238 205.470759   5551.542    300.231    18.7098    18.7098     0.0000   4.868262   4.866811       0.42          1  -0.001451    297.814          6  0.000e+00
     133239 205.470759   5551.583    300.231    18.7099    18.7096    -0.0003   4.868262   4.866740       0.42          1  -0.001521    297.814          6  0.000e+00
     142862 205.475400   5952.542    200.169    18.9875    18.9871    -0.0004   4.895330   4.893785       0.81          1  -0.001545    198.606          7  0.000e+00
     142863 205.475400   5952.583    200.169    18.9875    18.9871    -0.0004   4.895338   4.893707       0.81          1  -0.001630    198.606          7  0.000e+00
     142864 205.475401   5952.625    199.978    18.9875    18.9873    -0.0002   4.895353   4.893679       0.81          1  -0.001674    198.416          7  0.000e+00
     142865 205.475401   5952.667    200.160    18.9875    18.9875     0.0000   4.895346   4.893707       0.81          1  -0.001638    198.597          7  0.000e+00
     142866 205.475402   5952.708    200.108    18.9878    18.9873    -0.0005   4.895353   4.893750       0.81          1  -0.001603    198.545          7  0.000e+00
     142867 205.475402   5952.750    200.108    18.9878    18.9876    -0.0002   4.895431   4.893785      18.78          1  -0.001645    198.545          7  0.000e+00
     142868 205.475403   5952.792    200.108    18.9875    18.9877     0.0002   4.895380   4.893785      33.11          1  -0.001595    198.545          7  0.000e+00
     142869 205.475403   5952.833    200.039    18.9882    18.9876    -0.0005   4.895384   4.893750      35.78          1  -0.001634    198.477          7  0.000e+00
     142870 205.475404   5952.875    200.108    18.9878    18.9878     0.0000   4.895384   4.893828      34.99          1  -0.001556    198.545          7  0.000e+00
     142871 205.475404   5952.917    199.900    18.9880    18.9877    -0.0003   4.895392   4.893750      34.36          1  -0.001642    198.339          7  0.000e+00
     142872 205.475405   5952.958    200.108    18.9878    18.9878    -0.0000   4.895384   4.893764      33.60          1  -0.001620    198.545          7  0.000e+00
     142873 205.475405   5953.000    199.978    18.9880    18.9878    -0.0002   4.895361   4.893750      13.65          1  -0.001611    198.416          7  0.000e+00
     142874 205.475406   5953.042    199.978    18.9878    18.9878    -0.0000   4.895411   4.893785       1.10          1  -0.001626    198.416          7  0.000e+00
     142875 205.475406   5953.083    200.039    18.9878    18.9880     0.0002   4.895419   4.893785       0.00          1  -0.001634    198.477          7  0.000e+00
     142876 205.475407   5953.125    199.909    18.9880    18.9880     0.0000   4.895400   4.893828       0.17          1  -0.001572    198.348          7  0.000e+00
     142877 205.475407   5953.167    199.978    18.9878    18.9880     0.0002   4.895442   4.893785       0.68          1  -0.001657    198.416          7  0.000e+00
     142878 205.475408   5953.208    199.961    18.9882    18.9882     0.0000   4.895435   4.893828       0.76          1  -0.001607    198.399          7  0.000e+00
     142879 205.475408   5953.250    199.978    18.9882    18.9882     0.0000   4.895419   4.893785       0.66          1  -0.001634    198.416          7  0.000e+00
     142880 205.475408   5953.292    199.909    18.9884    18.9882    -0.0002   4.895427   4.893842       0.61          1  -0.001585    198.348          7  0.000e+00
     142881 205.475409   5953.333    199.978    18.9882    18.9883     0.0002   4.895431   4.893828       0.61          1  -0.001603    198.416          7  0.000e+00
     142882 205.475409   5953.375    199.909    18.9880    18.9884     0.0004   4.895396   4.893785       0.61          1  -0.001611    198.348          7  0.000e+00
     142883 205.475410   5953.417    199.909    18.9882    18.9884     0.0002   4.895419   4.893785       0.61          1  -0.001634    198.348          7  0.000e+00
     142884 205.475410   5953.458    199.961    18.9882    18.9883     0.0002   4.895419   4.893828       0.63          1  -0.001591    198.399          7  0.000e+00
     142885 205.475411   5953.500    199.909    18.9878    18.9884     0.0005   4.895400   4.893828       0.93          1  -0.001572    198.348          7  0.000e+00
     142886 205.475411   5953.542    199.909    18.9880    18.9887     0.0007   4.895396   4.893828       1.10          1  -0.001568    198.348          7  0.000e+00
     142887 205.475412   5953.583    199.909    18.9882    18.9885     0.0004   4.895384   4.893870       1.15          1  -0.001514    198.348          7  0.000e+00
     142888 205.475412   5953.625    199.909    18.9878    18.9885     0.0007   4.895392   4.893884       1.12          1  -0.001508    198.348          7  0.000e+00
     142889 205.475413   5953.667    199.909    18.9880    18.9887     0.0007   4.895411   4.893828       1.10          1  -0.001584    198.348          7  0.000e+00
     142890 205.475413   5953.708    199.909    18.9876    18.9887     0.0011   4.895346   4.893870       1.10          1  -0.001475    198.348          7  0.000e+00
     142891 205.475414   5953.750    199.900    18.9876    18.9883     0.0007   4.895369   4.893785       0.71          1  -0.001584    198.339          7  0.000e+00
     142892 205.475414   5953.792    199.909    18.9876    18.9885     0.0009   4.895361   4.893870       0.49          1  -0.001491    198.348          7  0.000e+00
     142893 205.475415   5953.833    199.909    18.9876    18.9883     0.0007   4.895384   4.893828       0.46          1  -0.001557    198.348          7  0.000e+00
     142894 205.475415   5953.875    199.909    18.9876    18.9880     0.0004   4.895357   4.893785       0.49          1  -0.001572    198.348          7  0.000e+00
     142895 205.475416   5953.917    199.909    18.9878    18.9878    -0.0000   4.895353   4.893828       0.49          1  -0.001526    198.348          7  0.000e+00
     142896 205.475416   5953.958    199.978    18.9876    18.9880     0.0004   4.895377   4.893750       0.51          1  -0.001627    198.416          7  0.000e+00
     142897 205.475417   5954.000    199.900    18.9876    18.9877     0.0000   4.895392   4.893764       0.85          1  -0.001628    198.339          7  0.000e+00
     142898 205.475417   5954.042    199.909    18.9876    18.9876     0.0000   4.895311   4.893750       1.03          1  -0.001561    198.348          7  0.000e+00
     142899 205.475418   5954.083    199.978    18.9876    18.9875    -0.0002   4.895411   4.893828       1.05          1  -0.001584    198.416          7  0.000e+00
     142900 205.475418   5954.125    199.978    18.9876    18.9875    -0.0002   4.895411   4.893785       1.05          1  -0.001626    198.416          7  0.000e+00
     142901 205.475419   5954.167    199.978    18.9876    18.9875    -0.0002   4.895384   4.893750       1.05          1  -0.001634    198.416          7  0.000e+00
     142902 205.475419   5954.208    199.978    18.9876    18.9875    -0.0002   4.895361   4.893785       1.05          1  -0.001576    198.416          7  0.000e+00
     142903 205.475420   5954.250    199.978    18.9876    18.9875    -0.0002   4.895346   4.893707       1.00          1  -0.001638    198.416          7  0.000e+00
     142904 205.475420   5954.292    199.961    18.9876    18.9875    -0.0002   4.895380   4.893750       0.98          1  -0.001631    198.399          7  0.000e+00
     142905 205.475421   5954.333    200.039    18.9878    18.9875    -0.0004   4.895396   4.893764       0.95          1  -0.001632    198.477          7  0.000e+00
     142906 205.475421   5954.375    199.978    18.9876    18.9877     0.0000   4.895357   4.893750       0.98          1  -0.001607    198.416          7  0.000e+00
     142907 205.475421   5954.417    200.039    18.9876    18.9875    -0.0002   4.895380   4.893750       0.95          1  -0.001631    198.477          7  0.000e+00
     142908 205.475422   5954.458    200.039    18.9876    18.9877     0.0000   4.895384   4.893750       0.98          1  -0.001634    198.477          7  0.000e+00
     142909 205.475422   5954.500    200.039    18.9878    18.9878     0.0000   4.895392   4.893785       1.00          1  -0.001607    198.477          7  0.000e+00
     142910 205.475423   5954.542    200.030    18.9876    18.9876     0.0000   4.895419   4.893750       1.00          1  -0.001669    198.468          7  0.000e+00
     150938 205.479294   6289.042    149.974    19.4466    19.4481     0.0016   4.946480   4.945031       0.66          1  -0.001449    148.821          8  0.000e+00
     150939 205.479295   6289.083    150.035    19.4469    19.4480     0.0011   4.946480   4.944996       0.66          1  -0.001485    148.881          8  0.000e+00
     150940 205.479295   6289.125    149.905    19.4470    19.4481     0.0012   4.946469   4.944996       0.63          1  -0.001473    148.752          8  0.000e+00
     150941 205.479296   6289.167    149.931    19.4469    19.4480     0.0011   4.946511   4.944981       0.63          1  -0.001530    148.778          8  0.000e+00
     150942 205.479296   6289.208    149.905    19.4473    19.4481     0.0009   4.946496   4.944910       0.63          1  -0.001586    148.752          8  0.000e+00
     150943 205.479297   6289.250    149.905    19.4475    19.4480     0.0005   4.946500   4.944996       0.66          1  -0.001504    148.752          8  0.000e+00
     150944 205.479297   6289.292    149.905    19.4473    19.4481     0.0009   4.946519   4.944981       0.71          1  -0.001538    148.752          8  0.000e+00
     150945 205.479298   6289.333    149.905    19.4471    19.4481     0.0010   4.946508   4.944996       0.68          1  -0.001512    148.752          8  0.000e+00
     150946 205.479298   6289.375    149.931    19.4471    19.4478     0.0007   4.946461   4.944996       0.71          1  -0.001465    148.778          8  0.000e+00
     150947 205.479299   6289.417    149.844    19.4471    19.4485     0.0014   4.946515   4.944946       0.71          1  -0.001570    148.692          8  0.000e+00
     150948 205.479299   6289.458    149.905    19.4473    19.4485     0.0012   4.946500   4.945031       0.68          1  -0.001469    148.752          8  0.000e+00
     150949 205.479300   6289.500    149.844    19.4471    19.4483     0.0012   4.946457   4.945031       0.76          1  -0.001426    148.692          8  0.000e+00
     150950 205.479300   6289.542    149.801    19.4471    19.4481     0.0010   4.946543   4.945031       0.81          1  -0.001512    148.649          8  0.000e+00
     150951 205.479301   6289.583    149.905    19.4476    19.4483     0.0007   4.946566   4.945024       0.81          1  -0.001542    148.752          8  0.000e+00
     150952 205.479301   6289.625    149.775    19.4482    19.4485     0.0004   4.946597   4.945031       0.81          1  -0.001566    148.623          8  0.000e+00
     150953 205.479302   6289.667    149.844    19.4485    19.4485    -0.0000   4.946601   4.945031       0.81          1  -0.001570    148.692          8  0.000e+00
     150954 205.479302   6289.708    149.844    19.4482    19.4480    -0.0002   4.946609   4.944946       0.81          1  -0.001663    148.692          8  0.000e+00
     150955 205.479303   6289.750    149.801    19.4490    19.4483    -0.0007   4.946659   4.945074       0.56          1  -0.001586    148.649          8  0.000e+00
     150956 205.479303   6289.792    149.775    19.4495    19.4489    -0.0007   4.946686   4.944995       0.42          1  -0.001691    148.623          8  0.000e+00
     150957 205.479304   6289.833    149.775    19.4501    19.4495    -0.0005   4.946733   4.945067       0.42          1  -0.001667    148.623          8  0.000e+00
     150958 205.479304   6289.875    149.775    19.4501    19.4499    -0.0002   4.946749   4.945159       0.42          1  -0.001590    148.623          8  0.000e+00
     150959 205.479305   6289.917    149.775    19.4499    19.4503     0.0003   4.946760   4.945202       0.42          1  -0.001559    148.623          8  0.000e+00
     150960 205.479305   6289.958    149.732    19.4501    19.4509     0.0008   4.946725   4.945244       0.42          1  -0.001481    148.580          8  0.000e+00
     150961 205.479306   6290.000    149.775    19.4503    19.4511     0.0009   4.946807   4.945316       0.61          1  -0.001491    148.623          8  0.000e+00
     150962 205.479306   6290.042    149.714    19.4506    19.4513     0.0007   4.946854   4.945280       0.81          1  -0.001574    148.563          8  0.000e+00
     150963 205.479307   6290.083    149.775    19.4508    19.4513     0.0005   4.946842   4.945323       0.81          1  -0.001519    148.623          8  0.000e+00
     150964 205.479307   6290.125    149.584    19.4506    19.4508     0.0002   4.946826   4.945358       0.81          1  -0.001468    148.434          8  0.000e+00
     150965 205.479307   6290.167    149.931    19.4504    19.4506     0.0002   4.946850   4.945280       0.78          1  -0.001570    148.778          8  0.000e+00
     150966 205.479308   6290.208    149.714    19.4508    19.4503    -0.0005   4.946897   4.945245       0.78          1  -0.001652    148.563          8  0.000e+00
     150967 205.479308   6290.250    149.714    19.4511    19.4504    -0.0007   4.946900   4.945230       0.88          1  -0.001670    148.563          8  0.000e+00
     150968 205.479309   6290.292    149.714    19.4511    19.4508    -0.0004   4.946881   4.945244       0.90          1  -0.001637    148.563          8  0.000e+00
     150969 205.479309   6290.333    149.731    19.4515    19.4506    -0.0009   4.946889   4.945202       0.93          1  -0.001687    148.580          8  0.000e+00
     150970 205.479310   6290.375    149.714    19.4515    19.4508    -0.0007   4.946897   4.945280       0.93          1  -0.001617    148.563          8  0.000e+00
     150971 205.479310   6290.417    149.714    19.4515    19.4508    -0.0007   4.946908   4.945230       0.90          1  -0.001678    148.563          8  0.000e+00
     150972 205.479311   6290.458    149.714    19.4515    19.4506    -0.0009   4.946928   4.945280       0.90          1  -0.001648    148.563          8  0.000e+00
     150973 205.479311   6290.500    149.714    19.4515    19.4508    -0.0007   4.946947   4.945244       0.71          1  -0.001703    148.563          8  0.000e+00
     150974 205.479312   6290.542    149.731    19.4517    19.4503    -0.0014   4.946994   4.945273       0.61          1  -0.001721    148.580          8  0.000e+00
     150975 205.479312   6290.583    149.714    19.4513    19.4499    -0.0014   4.946963   4.945202       0.61          1  -0.001761    148.563          8  0.000e+00
     150976 205.479313   6290.625    149.714    19.4513    19.4494    -0.0019   4.946967   4.945202       0.59          1  -0.001765    148.563          8  0.000e+00
     150977 205.479313   6290.667    149.714    19.4513    19.4489    -0.0024   4.946916   4.945109       0.61          1  -0.001807    148.563          8  0.000e+00
     150978 205.479314   6290.708    149.714    19.4509    19.4487    -0.0023   4.946936   4.945074       0.61          1  -0.001862    148.563          8  0.000e+00
     150979 205.479314   6290.750    149.801    19.4511    19.4485    -0.0026   4.946939   4.945031       0.93          1  -0.001908    148.649          8  0.000e+00
