test_data/proc/CTD03_avg.cnv
* Sea-Bird SBE 9 Data File:
* FileName = D:\ctd\raw\CTD03.hdr
* Software Version Seasave V 7.27.0.46
* Temperature SN = 4695
* Conductivity SN = 0618
* Number of Bytes Per Scan = 40
* Number of Voltage Words = 5
* Number of Scans Averaged by the Deck Unit = 1
* NMEA Latitude = 36 15.03 N
* NMEA Longitude = 066 35.01 W
* NMEA UTC (Time) = Jul 24 2025  09:45:19
* NMEA baud rate = 4800
** Ship: R/V Endeavor
** Cruise: EN734
** Principal Investigators: Bess Ward
** Chief_Scientist: Bess Ward
** Project: Nitrous Oxide Consumption in Surface Waters
** Cruise Start Date: 21 July 2025
** Ports: Narragansett to Narragansett, Rhode Island
** Bottom Depth:
** Operator:
# nquan = 22
# nvalues = 1921                        
# units = specified
# name 0 = scan: Scan Count
# name 1 = timeJ: Julian Days
# name 2 = timeS: Time, Elapsed [seconds]
# name 3 = prDM: Pressure, Digiquartz [db]
# name 4 = t090C: Temperature [ITS-90, deg C]
# name 5 = t190C: Temperature, 2 [ITS-90, deg C]
# name 6 = T2-T190C: Temperature Difference, 2 - 1 [ITS-90, deg C]
# name 7 = c0S/m: Conductivity [S/m]
# name 8 = c1S/m: Conductivity, 2 [S/m]
# name 9 = altM: Altimeter [m]
# name 10 = pumps: Pump Status
# name 11 = C2-C1S/m: Conductivity Difference, 2 - 1 [S/m]
# name 12 = depSM: Depth [salt water, m]
# name 13 = depSM: Depth [salt water, m], lat = 36.2505
# name 14 = sal00: Salinity, Practical [PSU]
# name 15 = sigma-é00: Density [sigma-theta, kg/m^3]
# name 16 = potemp090C: Potential Temperature [ITS-90, deg C]
# name 17 = svCM: Sound Velocity [Chen-Millero, m/s]
# name 18 = svCM1: Sound Velocity, 2 [Chen-Millero, m/s]
# name 19 = dz/dtM: Descent Rate [m/s], WS = 2
# name 20 = nbin: number of scans per bin
# name 21 = flag: flag
# span 0 =       2010,      55457       
# span 1 = 205.407474, 205.433249       
# span 2 =     83.720,   2310.686       
# span 3 =      8.059,   1951.297       
# span 4 =     4.0417,    27.5183       
# span 5 =     4.0415,    27.5183       
# span 6 =    -0.0068,     0.0412       
# span 7 =   3.342194,   5.757237       
# span 8 =   3.340976,   5.755629       
# span 9 =      -0.07,      42.71       
# span 10 =          1,          1      
# span 11 =  -0.003124,   0.003013      
# span 12 =      8.000,   1928.005      
# span 13 =      8.000,   1928.000      
# span 14 =    34.9828,    36.7668      
# span 15 =    23.5390,    27.7863      
# span 16 =     3.8785,    27.5143      
# span 17 =    1493.48,    1542.05      
# span 18 =    1493.46,    1542.04      
# span 19 =     -0.226,      1.429      
# span 20 =         16,       2677      
# span 21 = 0.0000e+00, 0.0000e+00      
# interval = meters: 1                  
# start_time = Jul 24 2025 09:45:22 [System UTC, header]
# bad_flag = -9.990e-29
*END*
[from data line 330]
      14114 205.413311    588.050    340.776    18.5816    18.5813    -0.0002   4.854170   4.852220       0.62          1  -0.001988    338.001    338.000    36.6144    26.3782    18.5209    1524.97    1524.95      0.912         27 0.0000e+00
      14140 205.413323    589.138    341.785    18.5831    18.5828    -0.0003   4.854439   4.852498       0.73          1  -0.001925    338.996    339.000    36.6149    26.3783    18.5223    1524.99    1524.97      1.005         24 0.0000e+00
      14163 205.413334    590.068    342.794    18.5813    18.5814     0.0002   4.854326   4.852442       0.58          1  -0.001898    339.998    340.000    36.6152    26.3790    18.5203    1525.00    1524.99      1.124         21 0.0000e+00
      14184 205.413344    590.952    343.803    18.5785    18.5787     0.0001   4.854046   4.852145       0.77          1  -0.001877    341.006    341.000    36.6149    26.3795    18.5174    1525.01    1524.99      1.052         23 0.0000e+00
      14211 205.413358    592.104    344.812    18.5803    18.5804     0.0000   4.854381   4.852456       0.65          1  -0.001954    342.004    342.000    36.6157    26.3798    18.5190    1525.03    1525.02      0.757         34 0.0000e+00
      14246 205.413374    593.553    345.821    18.5829    18.5831     0.0002   4.854780   4.852896       0.70          1  -0.001897    342.994    343.000    36.6164    26.3797    18.5214    1525.06    1525.04      0.821         30 0.0000e+00
      14271 205.413386    594.566    346.830    18.5833    18.5835     0.0002   4.854877   4.852988       0.85          1  -0.001875    343.993    344.000    36.6166    26.3797    18.5216    1525.08    1525.06      1.148         21 0.0000e+00
      14290 205.413395    595.363    347.840    18.5821    18.5824     0.0003   4.854746   4.852879       0.78          1  -0.001865    345.000    345.000    36.6161    26.3797    18.5202    1525.09    1525.07      1.269         19 0.0000e+00
      14309 205.413405    596.152    348.849    18.5833    18.5829    -0.0004   4.854972   4.852985       1.04          1  -0.002024    346.001    346.000    36.6166    26.3798    18.5212    1525.11    1525.09      1.243         19 0.0000e+00
      14329 205.413414    596.995    349.858    18.5832    18.5835     0.0003   4.855052   4.853167       0.72          1  -0.001859    347.003    347.000    36.6170    26.3802    18.5209    1525.13    1525.11      1.146         21 0.0000e+00
      14351 205.413425    597.926    350.867    18.5767    18.5771     0.0004   4.854207   4.852343       0.66          1  -0.001776    348.001    348.000    36.6152    26.3805    18.5143    1525.12    1525.11      1.056         24 0.0000e+00
      14375 205.413436    598.906    351.876    18.5689    18.5692     0.0003   4.853252   4.851381       0.98          1  -0.001833    349.001    349.000    36.6137    26.3814    18.5063    1525.12    1525.10      1.010         23 0.0000e+00
      14400 205.413448    599.943    352.885    18.5644    18.5647     0.0003   4.852700   4.850817       0.84          1  -0.001821    350.003    350.000    36.6126    26.3817    18.5016    1525.12    1525.10      0.922         27 0.0000e+00
      14427 205.413462    601.097    353.894    18.5578    18.5582     0.0004   4.851961   4.850081       0.91          1  -0.001858    350.999    351.000    36.6118    26.3828    18.4949    1525.12    1525.10      0.880         28 0.0000e+00
      14454 205.413475    602.204    354.903    18.5547    18.5548     0.0001   4.851627   4.849719       0.63          1  -0.001889    351.996    352.000    36.6113    26.3833    18.4916    1525.12    1525.11      0.976         25 0.0000e+00
      14477 205.413486    603.174    355.912    18.5539    18.5536    -0.0003   4.851550   4.849589       0.87          1  -0.001951    352.997    353.000    36.6110    26.3833    18.4906    1525.14    1525.12      1.108         21 0.0000e+00
      14498 205.413496    604.037    356.921    18.5518    18.5515    -0.0003   4.851273   4.849325       0.61          1  -0.001902    353.999    354.000    36.6102    26.3833    18.4883    1525.15    1525.13      1.193         20 0.0000e+00
      14518 205.413505    604.872    357.931    18.5505    18.5505    -0.0000   4.851222   4.849307       0.59          1  -0.001931    355.003    355.000    36.6105    26.3839    18.4869    1525.16    1525.14      1.159         21 0.0000e+00
      14541 205.413516    605.814    358.940    18.5377    18.5387     0.0010   4.849597   4.847815       0.68          1  -0.001662    356.007    356.000    36.6077    26.3850    18.4739    1525.14    1525.12      0.940         26 0.0000e+00
      14572 205.413532    607.143    359.949    18.5305    18.5312     0.0007   4.848666   4.846859       0.79          1  -0.001763    357.000    357.000    36.6058    26.3854    18.4665    1525.13    1525.12      0.713         35 0.0000e+00
      14604 205.413547    608.443    360.958    18.5264    18.5264     0.0000   4.848242   4.846337       0.71          1  -0.001907    357.991    358.000    36.6055    26.3863    18.4623    1525.14    1525.12      0.984         25 0.0000e+00
      14624 205.413557    609.306    361.967    18.5231    18.5236     0.0004   4.847907   4.846061       0.68          1  -0.001782    358.993    359.000    36.6051    26.3868    18.4589    1525.14    1525.13      1.282         19 0.0000e+00
      14642 205.413565    610.031    362.976    18.5192    18.5192    -0.0001   4.847467   4.845565       0.53          1  -0.001881    360.001    360.000    36.6045    26.3874    18.4548    1525.15    1525.13      1.377         17 0.0000e+00
      14659 205.413574    610.766    363.985    18.5186    18.5187     0.0001   4.847486   4.845581       0.83          1  -0.001909    361.005    361.000    36.6048    26.3878    18.4540    1525.16    1525.15      1.292         18 0.0000e+00
      14680 205.413584    611.633    364.995    18.5194    18.5191    -0.0004   4.847671   4.845706       0.94          1  -0.001980    362.010    362.000    36.6053    26.3881    18.4546    1525.18    1525.16      1.000         25 0.0000e+00
      14713 205.413599    612.988    366.004    18.5204    18.5204    -0.0000   4.847890   4.845962       0.63          1  -0.001935    362.999    363.000    36.6059    26.3883    18.4554    1525.20    1525.19      0.684         38 0.0000e+00
      14745 205.413615    614.332    367.013    18.5193    18.5193     0.0000   4.847816   4.845900       0.66          1  -0.001893    363.994    364.000    36.6059    26.3886    18.4541    1525.22    1525.20      0.941         25 0.0000e+00
      14767 205.413626    615.262    368.022    18.5157    18.5159     0.0002   4.847409   4.845532       1.02          1  -0.001842    364.997    365.000    36.6052    26.3891    18.4504    1525.22    1525.21      1.140         21 0.0000e+00
      14788 205.413636    616.121    369.031    18.5055    18.5062     0.0008   4.846132   4.844317       0.66          1  -0.001674    366.003    366.000    36.6031    26.3900    18.4400    1525.21    1525.19      1.140         21 0.0000e+00
      14810 205.413646    617.038    370.040    18.4977    18.4977     0.0000   4.845217   4.843332       0.64          1  -0.001859    367.001    367.000    36.6018    26.3911    18.4321    1525.20    1525.18      1.082         23 0.0000e+00
      14833 205.413657    617.979    371.050    18.4970    18.4971     0.0001   4.845178   4.843291       0.95          1  -0.001889    367.998    368.000    36.6017    26.3912    18.4312    1525.22    1525.20      1.105         22 0.0000e+00
      14854 205.413667    618.862    372.059    18.4962    18.4956    -0.0006   4.845094   4.843125       0.74          1  -0.001930    369.000    369.000    36.6014    26.3912    18.4302    1525.23    1525.21      1.141         21 0.0000e+00
      14875 205.413678    619.763    373.068    18.4942    18.4942    -0.0000   4.844879   4.842981       0.55          1  -0.001902    370.004    370.000    36.6009    26.3914    18.4280    1525.24    1525.22      1.058         23 0.0000e+00
      14900 205.413690    620.793    374.077    18.4938    18.4933    -0.0004   4.844882   4.842907       0.55          1  -0.001967    371.000    371.000    36.6009    26.3916    18.4274    1525.26    1525.24      0.939         26 0.0000e+00
      14927 205.413703    621.898    375.086    18.4924    18.4921    -0.0002   4.844739   4.842797       0.87          1  -0.001938    371.999    372.000    36.6006    26.3917    18.4258    1525.27    1525.25      0.928         26 0.0000e+00
      14952 205.413715    622.950    376.096    18.4901    18.4903     0.0002   4.844463   4.842591       0.64          1  -0.001823    372.998    373.000    36.5999    26.3918    18.4234    1525.28    1525.26      1.008         24 0.0000e+00
      14975 205.413726    623.911    377.105    18.4832    18.4828    -0.0003   4.843603   4.841674       0.59          1  -0.001877    374.001    374.000    36.5984    26.3924    18.4163    1525.27    1525.25      1.045         23 0.0000e+00
      14999 205.413737    624.906    378.114    18.4721    18.4729     0.0008   4.842200   4.840402       0.66          1  -0.001695    375.003    375.000    36.5959    26.3934    18.4051    1525.26    1525.24      0.952         26 0.0000e+00
      15026 205.413750    626.038    379.123    18.4666    18.4668     0.0002   4.841551   4.839676       0.69          1  -0.001858    375.999    376.000    36.5948    26.3940    18.3994    1525.26    1525.24      0.895         27 0.0000e+00
      15052 205.413763    627.125    380.133    18.4615    18.4621     0.0006   4.840943   4.839125       0.74          1  -0.001760    376.998    377.000    36.5939    26.3946    18.3941    1525.26    1525.24      0.997         24 0.0000e+00
      15075 205.413774    628.069    381.142    18.4583    18.4583     0.0000   4.840600   4.838711       0.90          1  -0.001887    377.998    378.000    36.5934    26.3951    18.3907    1525.26    1525.24      1.129         22 0.0000e+00
      15095 205.413784    628.922    382.151    18.4559    18.4562     0.0003   4.840315   4.838473       0.83          1  -0.001774    378.998    379.000    36.5927    26.3952    18.3882    1525.27    1525.26      1.201         20 0.0000e+00
      15115 205.413793    629.750    383.160    18.4480    18.4483     0.0003   4.839320   4.837489       0.75          1  -0.001754    380.001    380.000    36.5910    26.3959    18.3801    1525.27    1525.25      1.208         19 0.0000e+00
      15135 205.413803    630.599    384.169    18.4404    18.4410     0.0006   4.838366   4.836547       0.94          1  -0.001748    381.003    381.000    36.5891    26.3965    18.3724    1525.26    1525.24      1.130         22 0.0000e+00
      15159 205.413815    631.581    385.179    18.4350    18.4352     0.0002   4.837685   4.835828       0.59          1  -0.001823    382.006    382.000    36.5878    26.3968    18.3668    1525.26    1525.24      0.910         27 0.0000e+00
      15191 205.413830    632.917    386.188    18.4308    18.4310     0.0002   4.837161   4.835298       0.72          1  -0.001821    382.999    383.000    36.5867    26.3971    18.3624    1525.26    1525.24      0.723         35 0.0000e+00
      15222 205.413845    634.202    387.197    18.4206    18.4214     0.0008   4.835894   4.834097       0.82          1  -0.001689    383.993    384.000    36.5846    26.3981    18.3520    1525.24    1525.23      0.968         25 0.0000e+00
      15243 205.413855    635.101    388.206    18.4091    18.4096     0.0005   4.834481   4.832663       0.85          1  -0.001707    384.994    385.000    36.5824    26.3994    18.3404    1525.23    1525.21      1.240         19 0.0000e+00
      15261 205.413864    635.853    389.216    18.3973    18.3982     0.0009   4.833006   4.831222       0.90          1  -0.001659    386.000    386.000    36.5800    26.4005    18.3285    1525.21    1525.19      1.334         18 0.0000e+00
      15280 205.413873    636.612    390.225    18.3897    18.3904     0.0007   4.832064   4.830266       0.81          1  -0.001747    387.006    387.000    36.5784    26.4012    18.3207    1525.20    1525.18      1.230         19 0.0000e+00
      15303 205.413884    637.573    391.234    18.3873    18.3874     0.0001   4.831783   4.829915       0.87          1  -0.001848    388.009    388.000    36.5777    26.4013    18.3182    1525.21    1525.19      0.892         29 0.0000e+00
      15336 205.413900    638.952    392.244    18.3864    18.3865     0.0001   4.831711   4.829846       0.68          1  -0.001853    388.993    389.000    36.5775    26.4015    18.3171    1525.22    1525.20      0.783         32 0.0000e+00
      15362 205.413912    640.034    393.253    18.3840    18.3840     0.0000   4.831450   4.829577       0.56          1  -0.001855    389.994    390.000    36.5771    26.4018    18.3144    1525.23    1525.21      1.085         22 0.0000e+00
      15382 205.413922    640.879    394.262    18.3776    18.3779     0.0003   4.830656   4.828808       0.90          1  -0.001754    391.001    391.000    36.5756    26.4023    18.3079    1525.23    1525.21      1.202         19 0.0000e+00
      15402 205.413932    641.726    395.272    18.3741    18.3742     0.0001   4.830276   4.828421       0.90          1  -0.001839    392.004    392.000    36.5751    26.4029    18.3042    1525.24    1525.22      1.113         22 0.0000e+00
      15426 205.413944    642.728    396.281    18.3679    18.3684     0.0005   4.829535   4.827706       0.78          1  -0.001750    393.002    393.000    36.5739    26.4035    18.2979    1525.23    1525.22      0.963         26 0.0000e+00
      15452 205.413956    643.789    397.290    18.3580    18.3583     0.0003   4.828340   4.826502       0.64          1  -0.001780    393.996    394.000    36.5721    26.4047    18.2879    1525.22    1525.20      1.019         24 0.0000e+00
      15474 205.413967    644.709    398.300    18.3541    18.3541     0.0001   4.827890   4.826032       0.80          1  -0.001836    394.997    395.000    36.5715    26.4053    18.2837    1525.22    1525.20      1.147         21 0.0000e+00
      15494 205.413976    645.559    399.309    18.3537    18.3536    -0.0001   4.827883   4.826007       0.87          1  -0.001872    396.003    396.000    36.5714    26.4053    18.2832    1525.24    1525.22      1.148         20 0.0000e+00
      15517 205.413987    646.510    400.318    18.3517    18.3517     0.0001   4.827665   4.825799       0.71          1  -0.001839    397.008    397.000    36.5709    26.4055    18.2810    1525.25    1525.23      0.918         27 0.0000e+00
      15551 205.414004    647.909    401.328    18.3442    18.3449     0.0007   4.826781   4.824985       0.68          1  -0.001753    397.997    398.000    36.5696    26.4064    18.2734    1525.24    1525.23      0.696         36 0.0000e+00
      15581 205.414018    649.154    402.337    18.3331    18.3345     0.0013   4.825425   4.823709       0.65          1  -0.001592    398.993    399.000    36.5675    26.4077    18.2621    1525.22    1525.21      1.023         24 0.0000e+00
      15601 205.414028    650.012    403.346    18.3265    18.3264    -0.0001   4.824692   4.822802       0.72          1  -0.001881    399.997    400.000    36.5668    26.4088    18.2553    1525.22    1525.20      1.231         19 0.0000e+00
      15620 205.414037    650.800    404.355    18.3254    18.3255     0.0001   4.824617   4.822747       0.53          1  -0.001852    401.001    401.000    36.5667    26.4091    18.2541    1525.24    1525.22      1.262         19 0.0000e+00
      15640 205.414047    651.616    405.365    18.3203    18.3207     0.0003   4.824089   4.822248       0.67          1  -0.001763    402.003    402.000    36.5664    26.4101    18.2488    1525.24    1525.22      1.193         21 0.0000e+00
