test_data/proc/CTD02.cnv
* Sea-Bird SBE 9 Data File:
* FileName = D:\ctd\raw\CTD02.hdr
* Software Version Seasave V 7.27.0.46
* Temperature SN = 4695
* Conductivity SN = 0618
* Number of Bytes Per Scan = 40
* Number of Voltage Words = 5
* Number of Scans Averaged by the Deck Unit = 1
* NMEA Latitude = 36 15.00 N
* NMEA Longitude = 066 35.03 W
* NMEA UTC (Time) = Jul 24 2025  08:39:22
* NMEA baud rate = 4800
** Ship: R/V Endeavor
** Cruise: EN734
** Principal Investigators: Bess Ward
** Chief_Scientist: Bess Ward
** Project: Nitrous Oxide Consumption in Surface Waters
** Cruise Start Date: 21 July 2025
** Ports: Narragansett to Narragansett, Rhode Island
** Bottom Depth:
** Operator:  JCH
# nquan = 21                                
# nvalues = 17184                       
# units = specified
# name 0 = scan: Scan Count
# name 1 = timeJ: Julian Days
# name 2 = timeS: Time, Elapsed [seconds]
# name 3 = prDM: Pressure, Digiquartz [db]
# name 4 = t090C: Temperature [ITS-90, deg C]
# name 5 = t190C: Temperature, 2 [ITS-90, deg C]
# name 6 = T2-T190C: Temperature Difference, 2 - 1 [ITS-90, deg C]
# name 7 = c0S/m: Conductivity [S/m]
# name 8 = c1S/m: Conductivity, 2 [S/m]
# name 9 = altM: Altimeter [m]
# name 10 = pumps: Pump Status
# name 11 = C2-C1S/m: Conductivity Difference, 2 - 1 [S/m]
# name 12 = depSM: Depth [salt water, m]
# name 13 = depSM: Depth [salt water, m], lat = 36.25
# name 14 = sal00: Salinity, Practical [PSU]
# name 15 = sigma-é00: Density [sigma-theta, kg/m^3]
# name 16 = potemp090C: Potential Temperature [ITS-90, deg C]
# name 17 = svCM: Sound Velocity [Chen-Millero, m/s]
# name 18 = svCM1: Sound Velocity, 2 [Chen-Millero, m/s]
# name 19 = dz/dtM: Descent Rate [m/s], WS = 2
# name 20 = flag: flag
# span 0 =          1,      17184       
# span 1 = 205.360706, 205.368993       
# span 2 =      0.000,    715.958       
# span 3 =      2.895,     50.678       
# span 4 =    23.4280,    27.5336       
# span 5 =    23.4308,    27.5333       
# span 6 =    -0.2622,     0.5878       
# span 7 =   5.362560,   5.759048       
# span 8 =   5.361011,   5.757635       
# span 9 =       0.00,     100.00       
# span 10 =          1,          1      
# span 11 =  -0.034655,   0.051160      
# span 12 =      2.874,     50.301      
# span 13 =      2.874,     50.300      
# span 14 =    36.2889,    36.6748      
# span 15 =    23.5229,    25.0746      
# span 16 =    23.4175,    27.5324      
# span 17 =    1533.20,    1542.08      
# span 18 =    1533.18,    1542.07      
# span 19 =     -0.759,      0.818      
# span 20 = 0.0000e+00, 0.0000e+00      
# interval = seconds: 0.0416667
# start_time = Jul 24 2025 08:39:25 [System UTC, header]
# bad_flag = -9.990e-29
*END*
[from data line 14759]
      14760 205.367824    614.958      4.775    27.5230    27.5228    -0.0001   5.756528   5.754818       0.73          1  -0.001766      4.740      4.740    36.3060    23.5333    27.5219    1541.73    1541.72      0.087 0.0000e+00
      14761 205.367824    615.000      4.844    27.5231    27.5230    -0.0001   5.756504   5.754808       0.56          1  -0.001649      4.809      4.808    36.3057    23.5331    27.5220    1541.73    1541.72      0.097 0.0000e+00
      14762 205.367825    615.042      4.775    27.5230    27.5230     0.0001   5.756490   5.754808       0.51          1  -0.001682      4.740      4.740    36.3057    23.5331    27.5219    1541.73    1541.72      0.107 0.0000e+00
      14763 205.367825    615.083      4.784    27.5231    27.5230    -0.0001   5.756458   5.754842       0.54          1  -0.001649      4.749      4.749    36.3054    23.5329    27.5220    1541.73    1541.72      0.113 0.0000e+00
      14764 205.367826    615.125      4.836    27.5230    27.5230     0.0001   5.756478   5.754785       0.54          1  -0.001670      4.800      4.801    36.3056    23.5331    27.5219    1541.73    1541.72      0.122 0.0000e+00
      14765 205.367826    615.167      4.784    27.5231    27.5228    -0.0003   5.756495   5.754796       0.54          1  -0.001641      4.749      4.749    36.3057    23.5331    27.5220    1541.73    1541.72      0.127 0.0000e+00
      14766 205.367826    615.208      4.836    27.5230    27.5230     0.0001   5.756461   5.754842       0.54          1  -0.001699      4.800      4.801    36.3055    23.5330    27.5219    1541.73    1541.72      0.138 0.0000e+00
      14767 205.367827    615.250      4.835    27.5231    27.5230    -0.0001   5.756512   5.754819       0.51          1  -0.001703      4.800      4.800    36.3058    23.5331    27.5220    1541.73    1541.72      0.137 0.0000e+00
      14768 205.367827    615.292      4.784    27.5230    27.5230     0.0001   5.756498   5.754802       0.51          1  -0.001645      4.748      4.749    36.3058    23.5332    27.5219    1541.73    1541.72      0.144 0.0000e+00
      14769 205.367828    615.333      4.905    27.5228    27.5230     0.0002   5.756494   5.754806       0.51          1  -0.001687      4.869      4.869    36.3059    23.5333    27.5217    1541.73    1541.72      0.151 0.0000e+00
      14770 205.367828    615.375      4.844    27.5227    27.5228     0.0001   5.756460   5.754807       0.51          1  -0.001661      4.809      4.808    36.3057    23.5332    27.5216    1541.73    1541.72      0.156 0.0000e+00
      14771 205.367829    615.417      4.835    27.5228    27.5232     0.0004   5.756478   5.754809       0.51          1  -0.001670      4.800      4.800    36.3058    23.5332    27.5217    1541.73    1541.72      0.165 0.0000e+00
      14772 205.367829    615.458      4.913    27.5228    27.5230     0.0002   5.756490   5.754802       0.49          1  -0.001682      4.877      4.877    36.3058    23.5333    27.5217    1541.73    1541.72      0.169 0.0000e+00
      14773 205.367830    615.500      4.835    27.5228    27.5228     0.0001   5.756494   5.754770       0.46          1  -0.001687      4.800      4.800    36.3059    23.5333    27.5217    1541.73    1541.72      0.172 0.0000e+00
      14774 205.367830    615.542      4.913    27.5226    27.5232     0.0006   5.756422   5.754798       0.46          1  -0.001623      4.877      4.877    36.3055    23.5331    27.5215    1541.73    1541.72      0.171 0.0000e+00
      14775 205.367831    615.583      4.835    27.5226    27.5228     0.0003   5.756435   5.754773       0.46          1  -0.001674      4.800      4.800    36.3056    23.5332    27.5215    1541.73    1541.72      0.176 0.0000e+00
      14776 205.367831    615.625      4.905    27.5226    27.5230     0.0004   5.756447   5.754830       0.49          1  -0.001641      4.869      4.869    36.3057    23.5332    27.5215    1541.73    1541.72      0.178 0.0000e+00
      14777 205.367832    615.667      4.974    27.5226    27.5230     0.0004   5.756422   5.754785       0.46          1  -0.001661      4.937      4.937    36.3055    23.5331    27.5214    1541.73    1541.72      0.182 0.0000e+00
      14778 205.367832    615.708      4.905    27.5226    27.5230     0.0004   5.756401   5.754830       0.59          1  -0.001549      4.869      4.869    36.3054    23.5330    27.5215    1541.73    1541.72      0.180 0.0000e+00
      14779 205.367833    615.750      4.913    27.5222    27.5230     0.0008   5.756434   5.754819       0.71          1  -0.001674      4.877      4.877    36.3059    23.5335    27.5211    1541.73    1541.72      0.179 0.0000e+00
      14780 205.367833    615.792      4.965    27.5224    27.5228     0.0004   5.756477   5.754808       0.73          1  -0.001624      4.929      4.929    36.3060    23.5336    27.5212    1541.73    1541.72      0.180 0.0000e+00
      14781 205.367834    615.833      4.974    27.5224    27.5232     0.0008   5.756422   5.754803       0.71          1  -0.001616      4.937      4.937    36.3056    23.5333    27.5212    1541.73    1541.72      0.182 0.0000e+00
      14782 205.367834    615.875      4.905    27.5220    27.5230     0.0010   5.756409   5.754732       0.71          1  -0.001603      4.869      4.869    36.3059    23.5336    27.5209    1541.73    1541.72      0.181 0.0000e+00
      14783 205.367835    615.917      4.974    27.5224    27.5228     0.0004   5.756439   5.754817       0.71          1  -0.001640      4.937      4.937    36.3058    23.5334    27.5212    1541.73    1541.72      0.173 0.0000e+00
      14784 205.367835    615.958      4.965    27.5218    27.5230     0.0012   5.756379   5.754785       0.71          1  -0.001672      4.929      4.929    36.3058    23.5336    27.5206    1541.73    1541.72      0.174 0.0000e+00
      14785 205.367836    616.000      4.965    27.5217    27.5230     0.0013   5.756358   5.754791       0.68          1  -0.001507      4.929      4.929    36.3057    23.5336    27.5205    1541.73    1541.72      0.171 0.0000e+00
      14786 205.367836    616.042      4.974    27.5218    27.5230     0.0012   5.756395   5.754806       0.68          1  -0.001636      4.937      4.937    36.3059    23.5337    27.5206    1541.73    1541.72      0.172 0.0000e+00
      14787 205.367837    616.083      5.034    27.5215    27.5232     0.0017   5.756369   5.754809       0.68          1  -0.001573      4.997      4.997    36.3060    23.5338    27.5203    1541.73    1541.72      0.167 0.0000e+00
      14788 205.367837    616.125      4.974    27.5215    27.5232     0.0017   5.756357   5.754809       0.68          1  -0.001553      4.937      4.937    36.3059    23.5337    27.5203    1541.73    1541.72      0.162 0.0000e+00
      14789 205.367838    616.167      5.034    27.5217    27.5230     0.0013   5.756358   5.754808       0.68          1  -0.001553      4.997      4.997    36.3057    23.5336    27.5205    1541.73    1541.72      0.160 0.0000e+00
      14790 205.367838    616.208      4.974    27.5213    27.5227     0.0013   5.756361   5.754767       0.73          1  -0.001557      4.937      4.937    36.3061    23.5340    27.5201    1541.73    1541.72      0.154 0.0000e+00
      14791 205.367839    616.250      5.034    27.5213    27.5227     0.0014   5.756327   5.754794       0.81          1  -0.001524      4.997      4.997    36.3058    23.5338    27.5201    1541.73    1541.72      0.150 0.0000e+00
      14792 205.367839    616.292      5.043    27.5215    27.5223     0.0008   5.756344   5.754732       0.81          1  -0.001593      5.006      5.006    36.3058    23.5337    27.5203    1541.73    1541.72      0.149 0.0000e+00
      14793 205.367840    616.333      5.034    27.5218    27.5225     0.0006   5.756387   5.754748       0.81          1  -0.001582      4.997      4.997    36.3058    23.5336    27.5206    1541.73    1541.72      0.137 0.0000e+00
      14794 205.367840    616.375      5.095    27.5218    27.5225     0.0006   5.756366   5.754756       0.81          1  -0.001660      5.057      5.058    36.3057    23.5335    27.5206    1541.73    1541.72      0.139 0.0000e+00
      14795 205.367840    616.417      5.043    27.5218    27.5227     0.0008   5.756362   5.754760       0.81          1  -0.001603      5.006      5.006    36.3057    23.5335    27.5206    1541.73    1541.72      0.133 0.0000e+00
      14796 205.367841    616.458      5.034    27.5218    27.5227     0.0008   5.756391   5.754797       0.63          1  -0.001639      4.997      4.997    36.3059    23.5336    27.5206    1541.73    1541.72      0.126 0.0000e+00
      14797 205.367841    616.500      5.043    27.5220    27.5227     0.0006   5.756400   5.754773       0.42          1  -0.001640      5.006      5.006    36.3058    23.5335    27.5208    1541.73    1541.72      0.123 0.0000e+00
      14798 205.367842    616.542      5.095    27.5218    27.5225     0.0006   5.756434   5.754721       0.37          1  -0.001628      5.057      5.058    36.3062    23.5339    27.5206    1541.74    1541.72      0.114 0.0000e+00
      14799 205.367842    616.583      5.043    27.5222    27.5225     0.0003   5.756422   5.754743       0.37          1  -0.001661      5.006      5.006    36.3058    23.5334    27.5210    1541.74    1541.72      0.110 0.0000e+00
      14800 205.367843    616.625      5.095    27.5220    27.5223     0.0002   5.756371   5.754718       0.39          1  -0.001664      5.057      5.058    36.3056    23.5333    27.5208    1541.74    1541.72      0.096 0.0000e+00
      14801 205.367843    616.667      5.095    27.5220    27.5225     0.0004   5.756359   5.754708       0.39          1  -0.001606      5.057      5.058    36.3055    23.5333    27.5208    1541.74    1541.72      0.091 0.0000e+00
      14802 205.367844    616.708      5.043    27.5217    27.5219     0.0003   5.756358   5.754706       0.68          1  -0.001652      5.006      5.006    36.3057    23.5336    27.5205    1541.73    1541.72      0.089 0.0000e+00
      14803 205.367844    616.750      5.095    27.5220    27.5215    -0.0005   5.756421   5.754705       1.05          1  -0.001714      5.057      5.058    36.3059    23.5336    27.5208    1541.74    1541.72      0.082 0.0000e+00
      14804 205.367845    616.792      5.103    27.5218    27.5214    -0.0005   5.756321   5.754603       1.12          1  -0.001614      5.066      5.066    36.3054    23.5333    27.5206    1541.73    1541.72      0.072 0.0000e+00
      14805 205.367845    616.833      5.095    27.5218    27.5204    -0.0014   5.756371   5.754492       1.12          1  -0.001664      5.057      5.058    36.3057    23.5335    27.5206    1541.73    1541.72      0.068 0.0000e+00
      14806 205.367846    616.875      5.103    27.5217    27.5195    -0.0021   5.756366   5.754361       1.10          1  -0.001796      5.066      5.066    36.3058    23.5336    27.5205    1541.73    1541.72      0.061 0.0000e+00
      14807 205.367846    616.917      5.095    27.5217    27.5186    -0.0030   5.756324   5.754359       1.10          1  -0.001853      5.057      5.058    36.3055    23.5334    27.5205    1541.73    1541.72      0.053 0.0000e+00
      14808 205.367847    616.958      5.103    27.5215    27.5184    -0.0030   5.756354   5.754330       0.88          1  -0.002019      5.066      5.066    36.3058    23.5337    27.5203    1541.73    1541.71      0.046 0.0000e+00
      14809 205.367847    617.000      5.095    27.5211    27.5183    -0.0028   5.756357   5.754321       0.63          1  -0.001978      5.057      5.058    36.3062    23.5341    27.5199    1541.73    1541.71      0.037 0.0000e+00
      14810 205.367848    617.042      5.095    27.5213    27.5184    -0.0029   5.756323   5.754359       0.56          1  -0.001998      5.057      5.058    36.3058    23.5337    27.5201    1541.73    1541.72      0.028 0.0000e+00
      14811 205.367848    617.083      5.103    27.5215    27.5188    -0.0027   5.756316   5.754371       0.59          1  -0.001982      5.066      5.066    36.3056    23.5335    27.5203    1541.73    1541.72      0.020 0.0000e+00
      14812 205.367849    617.125      5.095    27.5211    27.5197    -0.0014   5.756353   5.754517       0.59          1  -0.001974      5.057      5.058    36.3061    23.5341    27.5199    1541.73    1541.72      0.015 0.0000e+00
      14813 205.367849    617.167      5.103    27.5213    27.5204    -0.0008   5.756327   5.754600       0.59          1  -0.001949      5.066      5.066    36.3058    23.5337    27.5201    1541.73    1541.72      0.007 0.0000e+00
      14814 205.367850    617.208      5.095    27.5211    27.5206    -0.0005   5.756344   5.754578       0.54          1  -0.001776      5.057      5.058    36.3061    23.5340    27.5199    1541.73    1541.72      0.002 0.0000e+00
      14815 205.367850    617.250      5.164    27.5215    27.5208    -0.0007   5.756324   5.754568       0.49          1  -0.001709      5.126      5.126    36.3056    23.5335    27.5203    1541.74    1541.72     -0.011 0.0000e+00
      14816 205.367851    617.292      5.034    27.5213    27.5204    -0.0009   5.756278   5.754492       0.49          1  -0.001709      4.997      4.997    36.3055    23.5335    27.5201    1541.73    1541.72     -0.016 0.0000e+00
      14817 205.367851    617.333      5.164    27.5215    27.5204    -0.0010   5.756308   5.754468       0.49          1  -0.001738      5.126      5.126    36.3055    23.5335    27.5203    1541.74    1541.72     -0.024 0.0000e+00
      14818 205.367852    617.375      5.103    27.5217    27.5199    -0.0018   5.756350   5.754466       0.49          1  -0.001878      5.066      5.066    36.3056    23.5335    27.5205    1541.73    1541.72     -0.029 0.0000e+00
      14819 205.367852    617.417      5.095    27.5218    27.5195    -0.0023   5.756388   5.754465       0.49          1  -0.001916      5.057      5.058    36.3058    23.5336    27.5206    1541.74    1541.72     -0.034 0.0000e+00
      14820 205.367853    617.458      5.103    27.5220    27.5190    -0.0030   5.756368   5.754463       0.42          1  -0.001895      5.066      5.066    36.3055    23.5333    27.5208    1541.74    1541.72     -0.042 0.0000e+00
      14821 205.367853    617.500      5.095    27.5220    27.5188    -0.0032   5.756431   5.754395       0.32          1  -0.001958      5.057      5.058    36.3060    23.5337    27.5208    1541.74    1541.72     -0.050 0.0000e+00
      14822 205.367853    617.542      5.103    27.5222    27.5186    -0.0036   5.756415   5.754405       0.29          1  -0.001941      5.066      5.066    36.3057    23.5334    27.5210    1541.74    1541.72     -0.058 0.0000e+00
      14823 205.367854    617.583      5.034    27.5220    27.5188    -0.0032   5.756368   5.754349       0.29          1  -0.001986      4.997      4.997    36.3056    23.5333    27.5208    1541.73    1541.71     -0.062 0.0000e+00
      14824 205.367854    617.625      5.103    27.5215    27.5186    -0.0029   5.756324   5.754360       0.29          1  -0.001899      5.066      5.066    36.3056    23.5336    27.5203    1541.73    1541.72     -0.069 0.0000e+00
      14825 205.367855    617.667      5.095    27.5213    27.5184    -0.0028   5.756320   5.754371       0.32          1  -0.001986      5.057      5.058    36.3057    23.5337    27.5201    1541.73    1541.72     -0.073 0.0000e+00
      14826 205.367855    617.708      5.095    27.5215    27.5188    -0.0027   5.756316   5.754372       0.34          1  -0.001936      5.057      5.058    36.3056    23.5335    27.5203    1541.73    1541.72     -0.087 0.0000e+00
      14827 205.367856    617.750      5.043    27.5217    27.5188    -0.0029   5.756279   5.754337       0.39          1  -0.001898      5.006      5.006    36.3052    23.5331    27.5205    1541.73    1541.71     -0.085 0.0000e+00
