test_data/proc/CTD02.ros
* Sea-Bird SBE 9 Data File:
* FileName = D:\ctd\raw\CTD02.hdr
* Software Version Seasave V 7.27.0.46
* Temperature SN = 4695
* Conductivity SN = 0618
* Number of Bytes Per Scan = 40
* Number of Voltage Words = 5
* Number of Scans Averaged by the Deck Unit = 1
* NMEA Latitude = 36 15.00 N
* NMEA Longitude = 066 35.03 W
* NMEA UTC (Time) = Jul 24 2025  08:39:22
* NMEA baud rate = 4800
** Ship: R/V Endeavor
** Cruise: EN734
** Principal Investigators: Bess Ward
** Chief_Scientist: Bess Ward
** Project: Nitrous Oxide Consumption in Surface Waters
** Cruise Start Date: 21 July 2025
** Ports: Narragansett to Narragansett, Rhode Island
** Bottom Depth:
** Operator:  JCH
# nquan = 15
# nvalues = 588                                   
# units = specified
# name 0 = scan: Scan Count
# name 1 = timeJ: Julian Days
# name 2 = timeS: Time, Elapsed [seconds]
# name 3 = prDM: Pressure, Digiquartz [db]
# name 4 = t090C: Temperature [ITS-90, deg C]
# name 5 = t190C: Temperature, 2 [ITS-90, deg C]
# name 6 = T2-T190C: Temperature Difference, 2 - 1 [ITS-90, deg C]
# name 7 = c0S/m: Conductivity [S/m]
# name 8 = c1S/m: Conductivity, 2 [S/m]
# name 9 = altM: Altimeter [m]
# name 10 = pumps: Pump Status
# name 11 = C2-C1S/m: Conductivity Difference, 2 - 1 [S/m]
# name 12 = depSM: Depth [salt water, m]
# name 13 = nbf: Bottles Fired
# name 14 = flag:  0.000e+00
# interval = seconds: 0.0416667
# start_time = Jul 24 2025 08:39:25 [System UTC, header]
# bad_flag = -9.990e-29
*END*
[from data line 97]
      12927 205.366940    538.583      4.926    27.5272    27.5263    -0.0009   5.756949   5.755228       0.00          1  -0.001721      4.889          2  0.000e+00
      13085 205.367016    545.167      4.976    27.5262    27.5267     0.0004   5.756836   5.755183       0.51          1  -0.001653      4.940          3  0.000e+00
      13086 205.367016    545.208      5.054    27.5262    27.5263     0.0001   5.756869   5.755190       0.68          1  -0.001679      5.017          3  0.000e+00
      13087 205.367017    545.250      4.916    27.5262    27.5263     0.0001   5.756819   5.755236       0.88          1  -0.001583      4.880          3  0.000e+00
      13088 205.367017    545.292      5.046    27.5262    27.5263     0.0001   5.756828   5.755236       0.90          1  -0.001592      5.009          3  0.000e+00
      13089 205.367018    545.333      4.924    27.5260    27.5263     0.0003   5.756869   5.755190       0.90          1  -0.001679      4.888          3  0.000e+00
      13090 205.367018    545.375      4.976    27.5264    27.5263    -0.0001   5.756882   5.755183       0.88          1  -0.001699      4.940          3  0.000e+00
      13091 205.367019    545.417      4.985    27.5266    27.5261    -0.0005   5.756886   5.755236       0.88          1  -0.001650      4.948          3  0.000e+00
      13092 205.367019    545.458      5.046    27.5262    27.5263     0.0001   5.756915   5.755190       0.63          1  -0.001725      5.008          3  0.000e+00
      13093 205.367020    545.500      4.924    27.5268    27.5263    -0.0005   5.756890   5.755190       0.42          1  -0.001700      4.888          3  0.000e+00
      13094 205.367020    545.542      5.046    27.5268    27.5261    -0.0006   5.756911   5.755137       0.37          1  -0.001774      5.008          3  0.000e+00
      13095 205.367021    545.583      4.924    27.5268    27.5263    -0.0005   5.756899   5.755327       0.39          1  -0.001572      4.888          3  0.000e+00
      13096 205.367021    545.625      4.976    27.5266    27.5263    -0.0003   5.756915   5.755190       0.39          1  -0.001725      4.940          3  0.000e+00
      13097 205.367022    545.667      5.046    27.5268    27.5263    -0.0005   5.756924   5.755190       0.39          1  -0.001734      5.008          3  0.000e+00
      13098 205.367022    545.708      4.985    27.5268    27.5265    -0.0003   5.756953   5.755228       0.54          1  -0.001725      4.948          3  0.000e+00
      13099 205.367023    545.750      4.976    27.5268    27.5263    -0.0005   5.756907   5.755190       0.71          1  -0.001717      4.940          3  0.000e+00
      13100 205.367023    545.792      4.924    27.5268    27.5265    -0.0003   5.756882   5.755190       0.73          1  -0.001692      4.888          3  0.000e+00
      13101 205.367024    545.833      4.976    27.5266    27.5265    -0.0001   5.756882   5.755236       0.73          1  -0.001646      4.940          3  0.000e+00
      13102 205.367024    545.875      4.985    27.5264    27.5263    -0.0001   5.756844   5.755236       0.73          1  -0.001609      4.948          3  0.000e+00
      13103 205.367024    545.917      4.976    27.5266    27.5265    -0.0001   5.756907   5.755228       0.71          1  -0.001679      4.940          3  0.000e+00
      13104 205.367025    545.958      4.985    27.5264    27.5265     0.0001   5.756857   5.755236       0.83          1  -0.001621      4.948          3  0.000e+00
      13105 205.367025    546.000      4.976    27.5264    27.5267     0.0003   5.756836   5.755236       0.95          1  -0.001600      4.940          3  0.000e+00
      13106 205.367026    546.042      4.976    27.5266    27.5265    -0.0001   5.756932   5.755281       0.98          1  -0.001651      4.940          3  0.000e+00
      13107 205.367026    546.083      4.985    27.5262    27.5267     0.0005   5.756840   5.755228       0.98          1  -0.001612      4.948          3  0.000e+00
      13108 205.367027    546.125      4.976    27.5262    27.5267     0.0005   5.756861   5.755281       0.98          1  -0.001580      4.940          3  0.000e+00
      13109 205.367027    546.167      5.054    27.5264    27.5265     0.0000   5.756815   5.755236       0.98          1  -0.001579      5.017          3  0.000e+00
      13110 205.367028    546.208      4.976    27.5262    27.5267     0.0005   5.756857   5.755190       1.00          1  -0.001667      4.940          3  0.000e+00
      13111 205.367028    546.250      4.985    27.5262    27.5267     0.0005   5.756886   5.755274       1.05          1  -0.001612      4.948          3  0.000e+00
      13112 205.367029    546.292      5.045    27.5264    27.5265     0.0001   5.756849   5.755281       1.07          1  -0.001567      5.008          3  0.000e+00
      13113 205.367029    546.333      4.916    27.5262    27.5267     0.0004   5.756836   5.755236       1.07          1  -0.001600      4.880          3  0.000e+00
      13114 205.367030    546.375      5.054    27.5264    27.5265     0.0001   5.756803   5.755236       1.07          1  -0.001567      5.017          3  0.000e+00
      13115 205.367030    546.417      5.045    27.5259    27.5267     0.0008   5.756832   5.755228       1.07          1  -0.001604      5.008          3  0.000e+00
      13116 205.367031    546.458      4.985    27.5262    27.5265     0.0003   5.756836   5.755236       0.78          1  -0.001600      4.948          3  0.000e+00
      13117 205.367031    546.500      5.045    27.5264    27.5263    -0.0001   5.756836   5.755236       0.51          1  -0.001600      5.008          3  0.000e+00
      13118 205.367032    546.542      4.985    27.5261    27.5267     0.0006   5.756803   5.755236       0.46          1  -0.001567      4.948          3  0.000e+00
      13119 205.367032    546.583      5.045    27.5261    27.5265     0.0004   5.756865   5.755190       0.46          1  -0.001675      5.008          3  0.000e+00
      13120 205.367033    546.625      4.985    27.5262    27.5265     0.0003   5.756882   5.755228       0.49          1  -0.001654      4.948          3  0.000e+00
      13121 205.367033    546.667      5.045    27.5259    27.5267     0.0009   5.756844   5.755281       0.49          1  -0.001563      5.008          3  0.000e+00
      13122 205.367034    546.708      5.045    27.5261    27.5265     0.0004   5.756869   5.755236       0.59          1  -0.001634      5.008          3  0.000e+00
      13123 205.367034    546.750      5.054    27.5261    27.5265     0.0004   5.756853   5.755236       0.68          1  -0.001617      5.017          3  0.000e+00
      13124 205.367035    546.792      5.045    27.5261    27.5265     0.0004   5.756836   5.755183       0.71          1  -0.001653      5.008          3  0.000e+00
      13125 205.367035    546.833      5.054    27.5261    27.5265     0.0004   5.756899   5.755236       0.71          1  -0.001663      5.017          3  0.000e+00
      13126 205.367036    546.875      5.045    27.5260    27.5265     0.0004   5.756890   5.755236       0.71          1  -0.001655      5.008          3  0.000e+00
      13127 205.367036    546.917      5.054    27.5262    27.5263     0.0001   5.756790   5.755190       0.71          1  -0.001600      5.017          3  0.000e+00
      13128 205.367037    546.958      5.045    27.5261    27.5263     0.0003   5.756849   5.755274       0.59          1  -0.001575      5.008          3  0.000e+00
      13129 205.367037    547.000      4.985    27.5261    27.5263     0.0003   5.756844   5.755236       0.42          1  -0.001609      4.948          3  0.000e+00
      13130 205.367038    547.042      5.106    27.5262    27.5263     0.0000   5.756803   5.755236       0.39          1  -0.001567      5.068          3  0.000e+00
      13131 205.367038    547.083      4.976    27.5262    27.5265     0.0003   5.756798   5.755236       0.39          1  -0.001563      4.940          3  0.000e+00
      13132 205.367038    547.125      5.114    27.5261    27.5265     0.0004   5.756890   5.755236       0.39          1  -0.001655      5.077          3  0.000e+00
      13133 205.367039    547.167      5.045    27.5259    27.5263     0.0004   5.756857   5.755228       0.42          1  -0.001629      5.008          3  0.000e+00
      13271 205.367106    552.917      5.105    27.5277    27.5276    -0.0001   5.757012   5.755281       0.42          1  -0.001730      5.067          4  0.000e+00
      13272 205.367106    552.958      5.174    27.5275    27.5278     0.0003   5.756978   5.755327       0.54          1  -0.001651      5.136          4  0.000e+00
      13273 205.367106    553.000      5.174    27.5279    27.5279     0.0000   5.756966   5.755281       0.66          1  -0.001684      5.136          4  0.000e+00
      13274 205.367107    553.042      5.105    27.5277    27.5280     0.0003   5.756995   5.755327       0.68          1  -0.001668      5.067          4  0.000e+00
      13275 205.367107    553.083      5.113    27.5279    27.5278    -0.0001   5.757012   5.755327       0.68          1  -0.001685      5.076          4  0.000e+00
      13276 205.367108    553.125      5.174    27.5279    27.5278    -0.0001   5.756978   5.755327       0.68          1  -0.001651      5.136          4  0.000e+00
      13277 205.367108    553.167      5.113    27.5277    27.5279     0.0002   5.756995   5.755327       0.68          1  -0.001668      5.076          4  0.000e+00
      13278 205.367109    553.208      5.105    27.5279    27.5276    -0.0003   5.757007   5.755327       0.59          1  -0.001681      5.067          4  0.000e+00
      13279 205.367109    553.250      5.105    27.5279    27.5276    -0.0003   5.756982   5.755327       0.46          1  -0.001655      5.067          4  0.000e+00
      13280 205.367110    553.292      5.053    27.5277    27.5278     0.0001   5.756936   5.755281       0.44          1  -0.001655      5.016          4  0.000e+00
      13281 205.367110    553.333      5.044    27.5279    27.5278    -0.0001   5.756986   5.755327       0.44          1  -0.001660      5.007          4  0.000e+00
      13282 205.367111    553.375      5.174    27.5277    27.5276    -0.0001   5.757041   5.755372       0.44          1  -0.001668      5.136          4  0.000e+00
      13283 205.367111    553.417      4.975    27.5277    27.5276    -0.0001   5.756991   5.755281       0.44          1  -0.001709      4.939          4  0.000e+00
      13284 205.367112    553.458      5.053    27.5277    27.5276    -0.0001   5.756966   5.755281       0.49          1  -0.001684      5.016          4  0.000e+00
      13285 205.367112    553.500      5.044    27.5277    27.5276    -0.0001   5.756932   5.755327       0.51          1  -0.001605      5.007          4  0.000e+00
      13286 205.367113    553.542      4.984    27.5279    27.5276    -0.0003   5.756924   5.755236       0.51          1  -0.001688      4.947          4  0.000e+00
      13287 205.367113    553.583      5.044    27.5277    27.5276    -0.0001   5.756991   5.755372       0.51          1  -0.001618      5.007          4  0.000e+00
      13288 205.367114    553.625      4.975    27.5277    27.5276    -0.0001   5.757007   5.755281       0.51          1  -0.001726      4.939          4  0.000e+00
      13289 205.367114    553.667      4.984    27.5275    27.5278     0.0002   5.756974   5.755281       0.49          1  -0.001693      4.947          4  0.000e+00
      13290 205.367115    553.708      4.915    27.5279    27.5276    -0.0003   5.756995   5.755281       0.56          1  -0.001714      4.878          4  0.000e+00
      13291 205.367115    553.750      4.984    27.5277    27.5276    -0.0001   5.756982   5.755228       0.59          1  -0.001754      4.947          4  0.000e+00
      13292 205.367116    553.792      4.975    27.5275    27.5274    -0.0001   5.756936   5.755281       0.61          1  -0.001655      4.939          4  0.000e+00
      13293 205.367116    553.833      4.923    27.5277    27.5276    -0.0001   5.756953   5.755372       0.61          1  -0.001581      4.887          4  0.000e+00
      13294 205.367117    553.875      4.845    27.5277    27.5274    -0.0003   5.756965   5.755281       0.61          1  -0.001684      4.810          4  0.000e+00
      13295 205.367117    553.917      4.914    27.5275    27.5276     0.0001   5.756970   5.755327       0.61          1  -0.001643      4.878          4  0.000e+00
      13296 205.367118    553.958      4.923    27.5277    27.5276    -0.0001   5.756903   5.755327       0.71          1  -0.001576      4.887          4  0.000e+00
      13297 205.367118    554.000      4.845    27.5275    27.5276     0.0000   5.756882   5.755327       0.85          1  -0.001555      4.810          4  0.000e+00
      13298 205.367119    554.042      4.793    27.5277    27.5274    -0.0003   5.756945   5.755327       0.88          1  -0.001618      4.758          4  0.000e+00
      13299 205.367119    554.083      4.845    27.5277    27.5276    -0.0001   5.756940   5.755274       0.88          1  -0.001667      4.810          4  0.000e+00
      13300 205.367120    554.125      4.793    27.5275    27.5276     0.0001   5.756986   5.755281       0.88          1  -0.001705      4.758          4  0.000e+00
      13301 205.367120    554.167      4.845    27.5274    27.5278     0.0004   5.756974   5.755281       0.85          1  -0.001693      4.810          4  0.000e+00
      13302 205.367120    554.208      4.724    27.5275    27.5278     0.0003   5.756965   5.755281       0.78          1  -0.001684      4.690          4  0.000e+00
      13303 205.367121    554.250      4.785    27.5277    27.5280     0.0003   5.757003   5.755236       0.71          1  -0.001767      4.750          4  0.000e+00
      13304 205.367121    554.292      4.785    27.5277    27.5282     0.0005   5.756978   5.755372       0.68          1  -0.001606      4.750          4  0.000e+00
      13305 205.367122    554.333      4.724    27.5275    27.5283     0.0008   5.756965   5.755327       0.68          1  -0.001639      4.690          4  0.000e+00
      13306 205.367122    554.375      4.785    27.5279    27.5282     0.0003   5.756932   5.755327       0.68          1  -0.001605      4.750          4  0.000e+00
      13307 205.367123    554.417      4.724    27.5277    27.5282     0.0005   5.756990   5.755327       0.71          1  -0.001664      4.690          4  0.000e+00
      13308 205.367123    554.458      4.716    27.5279    27.5284     0.0005   5.756978   5.755372       0.73          1  -0.001606      4.681          4  0.000e+00
      13309 205.367124    554.500      4.724    27.5281    27.5281     0.0001   5.756995   5.755372       0.78          1  -0.001622      4.690          4  0.000e+00
      13310 205.367124    554.542      4.655    27.5281    27.5284     0.0003   5.756974   5.755327       0.81          1  -0.001647      4.621          4  0.000e+00
      13311 205.367125    554.583      4.724    27.5281    27.5282     0.0001   5.757003   5.755327       0.81          1  -0.001676      4.689          4  0.000e+00
      13312 205.367125    554.625      4.716    27.5281    27.5283     0.0002   5.757007   5.755372       0.81          1  -0.001635      4.681          4  0.000e+00
      13313 205.367126    554.667      4.655    27.5281    27.5282     0.0001   5.757007   5.755372       0.81          1  -0.001635      4.621          4  0.000e+00
      13314 205.367126    554.708      4.664    27.5281    27.5282     0.0001   5.756974   5.755327       0.61          1  -0.001647      4.629          4  0.000e+00
      13315 205.367127    554.750      4.655    27.5281    27.5284     0.0003   5.757036   5.755327       0.37          1  -0.001710      4.621          4  0.000e+00
