test_data/proc/CTD02.cnv
* Sea-Bird SBE 9 Data File:
* FileName = D:\ctd\raw\CTD02.hdr
* Software Version Seasave V 7.27.0.46
* Temperature SN = 4695
* Conductivity SN = 0618
* Number of Bytes Per Scan = 40
* Number of Voltage Words = 5
* Number of Scans Averaged by the Deck Unit = 1
* NMEA Latitude = 36 15.00 N
* NMEA Longitude = 066 35.03 W
* NMEA UTC (Time) = Jul 24 2025  08:39:22
* NMEA baud rate = 4800
** Ship: R/V Endeavor
** Cruise: EN734
** Principal Investigators: Bess Ward
** Chief_Scientist: Bess Ward
** Project: Nitrous Oxide Consumption in Surface Waters
** Cruise Start Date: 21 July 2025
** Ports: Narragansett to Narragansett, Rhode Island
** Bottom Depth:
** Operator:  JCH
# nquan = 21                                
# nvalues = 17184                       
# units = specified
# name 0 = scan: Scan Count
# name 1 = timeJ: Julian Days
# name 2 = timeS: Time, Elapsed [seconds]
# name 3 = prDM: Pressure, Digiquartz [db]
# name 4 = t090C: Temperature [ITS-90, deg C]
# name 5 = t190C: Temperature, 2 [ITS-90, deg C]
# name 6 = T2-T190C: Temperature Difference, 2 - 1 [ITS-90, deg C]
# name 7 = c0S/m: Conductivity [S/m]
# name 8 = c1S/m: Conductivity, 2 [S/m]
# name 9 = altM: Altimeter [m]
# name 10 = pumps: Pump Status
# name 11 = C2-C1S/m: Conductivity Difference, 2 - 1 [S/m]
# name 12 = depSM: Depth [salt water, m]
# name 13 = depSM: Depth [salt water, m], lat = 36.25
# name 14 = sal00: Salinity, Practical [PSU]
# name 15 = sigma-é00: Density [sigma-theta, kg/m^3]
# name 16 = potemp090C: Potential Temperature [ITS-90, deg C]
# name 17 = svCM: Sound Velocity [Chen-Millero, m/s]
# name 18 = svCM1: Sound Velocity, 2 [Chen-Millero, m/s]
# name 19 = dz/dtM: Descent Rate [m/s], WS = 2
# name 20 = flag: flag
# span 0 =          1,      17184       
# span 1 = 205.360706, 205.368993       
# span 2 =      0.000,    715.958       
# span 3 =      3.004,     50.604       
# span 4 =    23.4280,    27.5336       
# span 5 =    23.4308,    27.5333       
# span 6 =    -0.2622,     0.5878       
# span 7 =   5.362560,   5.759048       
# span 8 =   5.361011,   5.757635       
# span 9 =       0.00,     100.00       
# span 10 =          1,          1      
# span 11 =  -0.034655,   0.051160      
# span 12 =      2.920,     50.252      
# span 13 =      2.982,     50.227      
# span 14 =    36.2889,    36.6748      
# span 15 =    23.5229,    25.0747      
# span 16 =    23.4175,    27.5324      
# span 17 =    1533.20,    1542.08      
# span 18 =    1533.18,    1542.07      
# span 19 =     -0.736,      0.809      
# span 20 = 0.0000e+00, 0.0000e+00      
# interval = seconds: 0.0416667
# start_time = Jul 24 2025 08:39:25 [System UTC, header]
# bad_flag = -9.990e-29
*END*
[from data line 11380]
      11381 205.366194    474.167      5.198    27.5235    27.5234    -0.0001   5.756640   5.755026       0.73          1  -0.001602      5.163      5.160    36.3063    23.5334    27.5223    1541.74    1541.73      0.059 0.0000e+00
      11382 205.366195    474.208      5.200    27.5231    27.5236     0.0004   5.756647   5.755073       1.29          1  -0.001656      5.173      5.162    36.3066    23.5338    27.5219    1541.74    1541.73      0.048 0.0000e+00
      11383 205.366195    474.250      5.202    27.5233    27.5239     0.0006   5.756622   5.755119       1.98          1  -0.001585      5.165      5.164    36.3063    23.5335    27.5221    1541.74    1541.73      0.036 0.0000e+00
      11384 205.366196    474.292      5.204    27.5233    27.5243     0.0010   5.756614   5.755171       2.15          1  -0.001531      5.166      5.166    36.3062    23.5335    27.5221    1541.74    1541.73      0.024 0.0000e+00
      11385 205.366196    474.333      5.206    27.5231    27.5243     0.0012   5.756652   5.755184       2.12          1  -0.001523      5.176      5.168    36.3067    23.5338    27.5219    1541.74    1541.73      0.012 0.0000e+00
      11386 205.366196    474.375      5.207    27.5231    27.5247     0.0016   5.756626   5.755180       2.10          1  -0.001445      5.178      5.169    36.3065    23.5337    27.5219    1541.74    1541.73      0.000 0.0000e+00
      11387 205.366197    474.417      5.207    27.5237    27.5247     0.0010   5.756679   5.755143       2.08          1  -0.001495      5.178      5.169    36.3064    23.5334    27.5225    1541.74    1541.73     -0.012 0.0000e+00
      11388 205.366197    474.458      5.207    27.5235    27.5245     0.0010   5.756665   5.755132       1.86          1  -0.001490      5.178      5.169    36.3065    23.5335    27.5223    1541.74    1541.73     -0.025 0.0000e+00
      11389 205.366198    474.500      5.206    27.5237    27.5245     0.0008   5.756624   5.755132       1.59          1  -0.001494      5.176      5.168    36.3060    23.5331    27.5225    1541.74    1541.73     -0.037 0.0000e+00
      11390 205.366198    474.542      5.204    27.5237    27.5245     0.0008   5.756716   5.755132       1.51          1  -0.001586      5.166      5.166    36.3067    23.5336    27.5225    1541.74    1541.73     -0.050 0.0000e+00
      11391 205.366199    474.583      5.202    27.5235    27.5243     0.0008   5.756648   5.755097       1.54          1  -0.001519      5.166      5.164    36.3063    23.5335    27.5223    1541.74    1541.73     -0.064 0.0000e+00
      11392 205.366199    474.625      5.201    27.5237    27.5239     0.0003   5.756645   5.755085       1.56          1  -0.001515      5.176      5.163    36.3062    23.5333    27.5225    1541.74    1541.73     -0.077 0.0000e+00
      11393 205.366200    474.667      5.198    27.5238    27.5238    -0.0001   5.756658   5.755017       1.56          1  -0.001573      5.177      5.160    36.3062    23.5332    27.5226    1541.74    1541.73     -0.089 0.0000e+00
      11394 205.366200    474.708      5.194    27.5238    27.5232    -0.0007   5.756662   5.754951       1.22          1  -0.001577      5.175      5.156    36.3062    23.5333    27.5226    1541.74    1541.73     -0.102 0.0000e+00
      11395 205.366201    474.750      5.188    27.5237    27.5236    -0.0001   5.756691   5.755048       0.90          1  -0.001698      5.163      5.150    36.3065    23.5335    27.5225    1541.74    1541.73     -0.115 0.0000e+00
      11396 205.366201    474.792      5.182    27.5238    27.5236    -0.0003   5.756637   5.755016       0.83          1  -0.001696      5.150      5.144    36.3060    23.5331    27.5226    1541.74    1541.73     -0.127 0.0000e+00
      11397 205.366202    474.833      5.175    27.5237    27.5236    -0.0001   5.756679   5.754993       0.83          1  -0.001594      5.145      5.137    36.3064    23.5334    27.5225    1541.74    1541.73     -0.140 0.0000e+00
      11398 205.366202    474.875      5.166    27.5235    27.5234    -0.0001   5.756708   5.755027       0.85          1  -0.001714      5.131      5.128    36.3068    23.5338    27.5223    1541.74    1541.73     -0.152 0.0000e+00
      11399 205.366203    474.917      5.158    27.5238    27.5234    -0.0004   5.756671   5.755033       0.85          1  -0.001677      5.117      5.120    36.3063    23.5333    27.5226    1541.74    1541.73     -0.165 0.0000e+00
      11400 205.366203    474.958      5.151    27.5240    27.5234    -0.0006   5.756688   5.755002       0.78          1  -0.001648      5.112      5.113    36.3062    23.5332    27.5228    1541.74    1541.73     -0.177 0.0000e+00
      11401 205.366204    475.000      5.143    27.5240    27.5236    -0.0004   5.756700   5.754994       0.68          1  -0.001668      5.102      5.105    36.3063    23.5333    27.5228    1541.74    1541.73     -0.189 0.0000e+00
      11402 205.366204    475.042      5.136    27.5240    27.5234    -0.0007   5.756709   5.755027       0.66          1  -0.001714      5.103      5.098    36.3064    23.5333    27.5228    1541.74    1541.73     -0.200 0.0000e+00
      11403 205.366205    475.083      5.128    27.5242    27.5234    -0.0008   5.756672   5.755033       0.66          1  -0.001677      5.112      5.090    36.3060    23.5330    27.5230    1541.74    1541.73     -0.212 0.0000e+00
      11404 205.366205    475.125      5.119    27.5246    27.5234    -0.0012   5.756723   5.755002       0.66          1  -0.001681      5.099      5.081    36.3060    23.5329    27.5234    1541.74    1541.73     -0.223 0.0000e+00
      11405 205.366206    475.167      5.108    27.5248    27.5236    -0.0012   5.756812   5.755028       0.68          1  -0.001777      5.083      5.071    36.3065    23.5332    27.5236    1541.74    1541.73     -0.234 0.0000e+00
      11406 205.366206    475.208      5.096    27.5250    27.5236    -0.0014   5.756837   5.755005       0.95          1  -0.001840      5.066      5.059    36.3065    23.5331    27.5238    1541.74    1541.73     -0.244 0.0000e+00
      11407 205.366207    475.250      5.084    27.5251    27.5241    -0.0010   5.756834   5.755063       1.25          1  -0.001790      5.042      5.047    36.3065    23.5330    27.5239    1541.74    1541.73     -0.254 0.0000e+00
      11408 205.366207    475.292      5.072    27.5253    27.5239    -0.0014   5.756834   5.755045       1.32          1  -0.001835      5.038      5.035    36.3063    23.5328    27.5241    1541.74    1541.73     -0.264 0.0000e+00
      11409 205.366208    475.333      5.060    27.5253    27.5239    -0.0014   5.756834   5.755038       1.29          1  -0.001744      5.045      5.023    36.3063    23.5328    27.5241    1541.74    1541.73     -0.273 0.0000e+00
      11410 205.366208    475.375      5.046    27.5246    27.5238    -0.0008   5.756744   5.755006       1.29          1  -0.001710      5.020      5.009    36.3062    23.5330    27.5234    1541.74    1541.73     -0.282 0.0000e+00
      11411 205.366209    475.417      5.030    27.5242    27.5237    -0.0005   5.756739   5.754993       1.29          1  -0.001698      4.994      4.993    36.3065    23.5333    27.5230    1541.74    1541.73     -0.290 0.0000e+00
      11412 205.366209    475.458      5.015    27.5237    27.5238     0.0001   5.756680   5.755023       1.27          1  -0.001685      4.986      4.978    36.3065    23.5335    27.5225    1541.74    1541.73     -0.297 0.0000e+00
      11413 205.366209    475.500      5.000    27.5237    27.5238     0.0001   5.756659   5.755072       1.20          1  -0.001664      4.967      4.963    36.3063    23.5334    27.5225    1541.74    1541.73     -0.303 0.0000e+00
      11414 205.366210    475.542      4.983    27.5235    27.5245     0.0010   5.756662   5.755161       1.20          1  -0.001630      4.929      4.946    36.3065    23.5336    27.5223    1541.74    1541.73     -0.309 0.0000e+00
      11415 205.366210    475.583      4.969    27.5237    27.5245     0.0008   5.756659   5.755112       1.20          1  -0.001573      4.916      4.933    36.3063    23.5334    27.5225    1541.74    1541.73     -0.315 0.0000e+00
      11416 205.366211    475.625      4.957    27.5237    27.5241     0.0004   5.756688   5.755087       1.20          1  -0.001504      4.932      4.921    36.3065    23.5335    27.5225    1541.74    1541.73     -0.319 0.0000e+00
      11417 205.366211    475.667      4.943    27.5240    27.5241     0.0001   5.756668   5.755121       1.20          1  -0.001581      4.921      4.907    36.3062    23.5331    27.5228    1541.74    1541.73     -0.322 0.0000e+00
      11418 205.366212    475.708      4.927    27.5242    27.5241    -0.0001   5.756697   5.755098       0.90          1  -0.001611      4.896      4.891    36.3062    23.5331    27.5230    1541.74    1541.73     -0.325 0.0000e+00
      11419 205.366212    475.750      4.912    27.5240    27.5241     0.0001   5.756701   5.755087       0.59          1  -0.001569      4.878      4.876    36.3064    23.5333    27.5229    1541.74    1541.73     -0.326 0.0000e+00
      11420 205.366213    475.792      4.896    27.5238    27.5238    -0.0001   5.756638   5.755086       0.51          1  -0.001552      4.862      4.860    36.3061    23.5332    27.5227    1541.74    1541.72     -0.327 0.0000e+00
      11421 205.366213    475.833      4.880    27.5238    27.5239     0.0001   5.756617   5.755045       0.51          1  -0.001531      4.855      4.844    36.3060    23.5331    27.5227    1541.74    1541.72     -0.326 0.0000e+00
      11422 205.366214    475.875      4.863    27.5235    27.5238     0.0003   5.756678   5.755038       0.54          1  -0.001594      4.827      4.827    36.3067    23.5337    27.5224    1541.74    1541.72     -0.325 0.0000e+00
      11423 205.366214    475.917      4.846    27.5235    27.5238     0.0003   5.756641   5.755040       0.54          1  -0.001609      4.799      4.810    36.3064    23.5335    27.5224    1541.74    1541.72     -0.323 0.0000e+00
      11424 205.366215    475.958      4.830    27.5233    27.5235     0.0002   5.756649   5.755039       0.68          1  -0.001610      4.792      4.795    36.3066    23.5337    27.5222    1541.73    1541.72     -0.320 0.0000e+00
      11425 205.366215    476.000      4.815    27.5235    27.5236     0.0001   5.756658   5.754999       0.81          1  -0.001619      4.780      4.780    36.3065    23.5336    27.5224    1541.73    1541.72     -0.316 0.0000e+00
      11426 205.366216    476.042      4.799    27.5235    27.5234    -0.0001   5.756657   5.755026       0.85          1  -0.001619      4.765      4.764    36.3065    23.5336    27.5224    1541.73    1541.72     -0.310 0.0000e+00
      11427 205.366216    476.083      4.784    27.5235    27.5234    -0.0001   5.756662   5.754965       0.83          1  -0.001676      4.748      4.749    36.3066    23.5336    27.5224    1541.73    1541.72     -0.304 0.0000e+00
      11428 205.366217    476.125      4.768    27.5231    27.5232     0.0001   5.756590   5.754979       0.83          1  -0.001552      4.732      4.733    36.3064    23.5336    27.5220    1541.73    1541.72     -0.297 0.0000e+00
      11429 205.366217    476.167      4.752    27.5233    27.5232    -0.0001   5.756632   5.754952       0.83          1  -0.001692      4.714      4.717    36.3065    23.5336    27.5222    1541.73    1541.72     -0.288 0.0000e+00
      11430 205.366218    476.208      4.737    27.5233    27.5234     0.0001   5.756591   5.754940       0.76          1  -0.001597      4.689      4.702    36.3062    23.5334    27.5222    1541.73    1541.72     -0.278 0.0000e+00
      11431 205.366218    476.250      4.723    27.5231    27.5234     0.0003   5.756606   5.755014       0.66          1  -0.001667      4.681      4.688    36.3065    23.5337    27.5220    1541.73    1541.72     -0.268 0.0000e+00
      11432 205.366219    476.292      4.710    27.5235    27.5235     0.0001   5.756650   5.755004       0.63          1  -0.001709      4.674      4.675    36.3065    23.5335    27.5224    1541.73    1541.72     -0.257 0.0000e+00
      11433 205.366219    476.333      4.696    27.5231    27.5234     0.0003   5.756590   5.754993       0.63          1  -0.001552      4.652      4.662    36.3064    23.5336    27.5220    1541.73    1541.72     -0.244 0.0000e+00
      11434 205.366220    476.375      4.683    27.5235    27.5234    -0.0001   5.756633   5.754953       0.66          1  -0.001639      4.639      4.649    36.3064    23.5335    27.5224    1541.73    1541.72     -0.231 0.0000e+00
      11435 205.366220    476.417      4.672    27.5233    27.5236     0.0003   5.756632   5.755015       0.66          1  -0.001639      4.634      4.638    36.3065    23.5336    27.5222    1541.73    1541.72     -0.218 0.0000e+00
      11436 205.366221    476.458      4.660    27.5235    27.5234    -0.0001   5.756650   5.754965       0.73          1  -0.001709      4.619      4.626    36.3065    23.5335    27.5224    1541.73    1541.72     -0.203 0.0000e+00
      11437 205.366221    476.500      4.648    27.5235    27.5235     0.0001   5.756592   5.755015       0.83          1  -0.001552      4.594      4.614    36.3061    23.5332    27.5224    1541.73    1541.72     -0.188 0.0000e+00
      11438 205.366222    476.542      4.639    27.5235    27.5236     0.0001   5.756571   5.754966       0.85          1  -0.001629      4.588      4.605    36.3060    23.5331    27.5224    1541.73    1541.72     -0.172 0.0000e+00
      11439 205.366222    476.583      4.631    27.5235    27.5238     0.0003   5.756642   5.754982       0.85          1  -0.001602      4.585      4.597    36.3065    23.5335    27.5224    1541.73    1541.72     -0.156 0.0000e+00
      11440 205.366223    476.625      4.623    27.5237    27.5236    -0.0001   5.756630   5.754994       0.85          1  -0.001688      4.572      4.589    36.3062    23.5333    27.5226    1541.73    1541.72     -0.140 0.0000e+00
      11441 205.366223    476.667      4.617    27.5235    27.5234    -0.0001   5.756617   5.754993       0.85          1  -0.001622      4.561      4.583    36.3063    23.5334    27.5224    1541.73    1541.72     -0.122 0.0000e+00
      11442 205.366223    476.708      4.613    27.5235    27.5234    -0.0001   5.756550   5.754954       0.81          1  -0.001555      4.562      4.579    36.3058    23.5330    27.5224    1541.73    1541.72     -0.105 0.0000e+00
      11443 205.366224    476.750      4.611    27.5237    27.5232    -0.0004   5.756601   5.754975       0.78          1  -0.001606      4.578      4.577    36.3060    23.5331    27.5226    1541.73    1541.72     -0.086 0.0000e+00
      11444 205.366224    476.792      4.608    27.5233    27.5232    -0.0001   5.756678   5.754951       0.78          1  -0.001738      4.569      4.574    36.3069    23.5339    27.5222    1541.73    1541.72     -0.068 0.0000e+00
      11445 205.366225    476.833      4.605    27.5233    27.5232    -0.0001   5.756637   5.754940       0.78          1  -0.001651      4.560      4.571    36.3066    23.5337    27.5222    1541.73    1541.72     -0.049 0.0000e+00
      11446 205.366225    476.875      4.604    27.5235    27.5228    -0.0007   5.756646   5.754939       0.78          1  -0.001705      4.567      4.570    36.3065    23.5335    27.5224    1541.73    1541.72     -0.029 0.0000e+00
      11447 205.366226    476.917      4.603    27.5233    27.5228    -0.0005   5.756658   5.754974       0.78          1  -0.001717      4.555      4.569    36.3067    23.5338    27.5222    1541.73    1541.72     -0.010 0.0000e+00
      11448 205.366226    476.958      4.602    27.5235    27.5230    -0.0005   5.756633   5.754951       0.73          1  -0.001692      4.544      4.568    36.3064    23.5335    27.5224    1541.73    1541.72      0.009 0.0000e+00
