test_data/proc/CTD02.cnv
* Sea-Bird SBE 9 Data File:
* FileName = D:\ctd\raw\CTD02.hdr
* Software Version Seasave V 7.27.0.46
* Temperature SN = 4695
* Conductivity SN = 0618
* Number of Bytes Per Scan = 40
* Number of Voltage Words = 5
* Number of Scans Averaged by the Deck Unit = 1
* NMEA Latitude = 36 15.00 N
* NMEA Longitude = 066 35.03 W
* NMEA UTC (Time) = Jul 24 2025  08:39:22
* NMEA baud rate = 4800
** Ship: R/V Endeavor
** Cruise: EN734
** Principal Investigators: Bess Ward
** Chief_Scientist: Bess Ward
** Project: Nitrous Oxide Consumption in Surface Waters
** Cruise Start Date: 21 July 2025
** Ports: Narragansett to Narragansett, Rhode Island
** Bottom Depth:
** Operator:  JCH
# nquan = 21                                
# nvalues = 17184                       
# units = specified
# name 0 = scan: Scan Count
# name 1 = timeJ: Julian Days
# name 2 = timeS: Time, Elapsed [seconds]
# name 3 = prDM: Pressure, Digiquartz [db]
# name 4 = t090C: Temperature [ITS-90, deg C]
# name 5 = t190C: Temperature, 2 [ITS-90, deg C]
# name 6 = T2-T190C: Temperature Difference, 2 - 1 [ITS-90, deg C]
# name 7 = c0S/m: Conductivity [S/m]
# name 8 = c1S/m: Conductivity, 2 [S/m]
# name 9 = altM: Altimeter [m]
# name 10 = pumps: Pump Status
# name 11 = C2-C1S/m: Conductivity Difference, 2 - 1 [S/m]
# name 12 = depSM: Depth [salt water, m]
# name 13 = depSM: Depth [salt water, m], lat = 36.25
# name 14 = sal00: Salinity, Practical [PSU]
# name 15 = sigma-é00: Density [sigma-theta, kg/m^3]
# name 16 = potemp090C: Potential Temperature [ITS-90, deg C]
# name 17 = svCM: Sound Velocity [Chen-Millero, m/s]
# name 18 = svCM1: Sound Velocity, 2 [Chen-Millero, m/s]
# name 19 = dz/dtM: Descent Rate [m/s], WS = 2
# name 20 = flag: flag
# span 0 =          1,      17184       
# span 1 = 205.360706, 205.368993       
# span 2 =      0.000,    715.958       
# span 3 =      2.895,     50.678       
# span 4 =    23.4280,    27.5336       
# span 5 =    23.4308,    27.5333       
# span 6 =    -0.2622,     0.5878       
# span 7 =   5.362560,   5.759048       
# span 8 =   5.361011,   5.757635       
# span 9 =       0.00,     100.00       
# span 10 =          1,          1      
# span 11 =  -0.034655,   0.051160      
# span 12 =      2.874,     50.301      
# span 13 =      2.874,     50.300      
# span 14 =    36.2889,    36.6748      
# span 15 =    23.5229,    25.0746      
# span 16 =    23.4175,    27.5324      
# span 17 =    1533.20,    1542.08      
# span 18 =    1533.18,    1542.07      
# span 19 =     -0.759,      0.818      
# span 20 = 0.0000e+00, 0.0000e+00      
# interval = seconds: 0.0416667
# start_time = Jul 24 2025 08:39:25 [System UTC, header]
# bad_flag = -9.990e-29
*END*
[from data line 10276]
      10277 205.365662    428.167      4.941    27.5299    27.5289    -0.0010   5.757422   5.755658       0.73          1  -0.001756      4.905      4.905    36.3070    23.5318    27.5287    1541.75    1541.74      0.003 0.0000e+00
      10278 205.365662    428.208      4.993    27.5297    27.5289    -0.0008   5.757343   5.755696       0.59          1  -0.001677      4.957      4.956    36.3065    23.5316    27.5285    1541.75    1541.74     -0.002 0.0000e+00
      10279 205.365663    428.250      4.941    27.5297    27.5289    -0.0009   5.757351   5.755675       0.42          1  -0.001693      4.905      4.905    36.3066    23.5316    27.5285    1541.75    1541.74     -0.007 0.0000e+00
      10280 205.365663    428.292      4.993    27.5297    27.5289    -0.0008   5.757359   5.755629       0.39          1  -0.001648      4.957      4.956    36.3066    23.5317    27.5285    1541.75    1541.74     -0.013 0.0000e+00
      10281 205.365664    428.333      5.002    27.5297    27.5289    -0.0008   5.757322   5.755681       0.39          1  -0.001656      4.965      4.965    36.3064    23.5315    27.5285    1541.75    1541.74     -0.017 0.0000e+00
      10282 205.365664    428.375      4.933    27.5295    27.5289    -0.0006   5.757346   5.755673       0.42          1  -0.001727      4.897      4.897    36.3067    23.5318    27.5283    1541.75    1541.74     -0.023 0.0000e+00
      10283 205.365665    428.417      4.872    27.5295    27.5289    -0.0007   5.757362   5.755664       0.42          1  -0.001660      4.836      4.836    36.3069    23.5319    27.5284    1541.75    1541.74     -0.028 0.0000e+00
      10284 205.365665    428.458      4.993    27.5295    27.5289    -0.0006   5.757358   5.755664       0.66          1  -0.001694      4.957      4.956    36.3068    23.5318    27.5283    1541.75    1541.74     -0.033 0.0000e+00
      10285 205.365666    428.500      4.993    27.5294    27.5287    -0.0006   5.757388   5.755692       0.90          1  -0.001723      4.957      4.956    36.3071    23.5321    27.5282    1541.75    1541.74     -0.034 0.0000e+00
      10286 205.365666    428.542      4.941    27.5295    27.5287    -0.0008   5.757337   5.755706       0.95          1  -0.001673      4.905      4.905    36.3067    23.5317    27.5283    1541.75    1541.74     -0.038 0.0000e+00
      10287 205.365666    428.583      4.993    27.5295    27.5289    -0.0007   5.757379   5.755675       0.93          1  -0.001676      4.957      4.956    36.3069    23.5319    27.5283    1541.75    1541.74     -0.044 0.0000e+00
      10288 205.365667    428.625      4.941    27.5293    27.5289    -0.0004   5.757332   5.755664       0.93          1  -0.001623      4.905      4.905    36.3068    23.5319    27.5281    1541.75    1541.74     -0.047 0.0000e+00
      10289 205.365667    428.667      4.933    27.5294    27.5289    -0.0005   5.757311   5.755693       0.93          1  -0.001648      4.897      4.897    36.3066    23.5317    27.5282    1541.75    1541.74     -0.048 0.0000e+00
      10290 205.365668    428.708      4.941    27.5294    27.5287    -0.0006   5.757349   5.755672       0.90          1  -0.001685      4.905      4.905    36.3068    23.5319    27.5282    1541.75    1541.74     -0.052 0.0000e+00
      10291 205.365668    428.750      4.933    27.5294    27.5290    -0.0003   5.757357   5.755664       0.90          1  -0.001656      4.896      4.897    36.3069    23.5319    27.5282    1541.75    1541.74     -0.052 0.0000e+00
      10292 205.365669    428.792      4.933    27.5292    27.5289    -0.0003   5.757387   5.755664       0.90          1  -0.001723      4.896      4.897    36.3072    23.5323    27.5280    1541.75    1541.74     -0.052 0.0000e+00
      10293 205.365669    428.833      4.941    27.5295    27.5289    -0.0006   5.757333   5.755658       0.90          1  -0.001668      4.905      4.905    36.3066    23.5317    27.5283    1541.75    1541.74     -0.056 0.0000e+00
      10294 205.365670    428.875      4.933    27.5295    27.5289    -0.0006   5.757287   5.755696       0.90          1  -0.001622      4.896      4.897    36.3063    23.5315    27.5283    1541.75    1541.74     -0.051 0.0000e+00
      10295 205.365670    428.917      4.941    27.5292    27.5290    -0.0001   5.757303   5.755641       0.90          1  -0.001647      4.905      4.905    36.3066    23.5318    27.5280    1541.75    1541.74     -0.055 0.0000e+00
      10296 205.365671    428.958      4.933    27.5292    27.5289    -0.0003   5.757345   5.755686       0.78          1  -0.001635      4.896      4.897    36.3069    23.5320    27.5280    1541.75    1541.74     -0.050 0.0000e+00
      10297 205.365671    429.000      4.872    27.5293    27.5289    -0.0004   5.757420   5.755704       0.66          1  -0.001802      4.836      4.836    36.3074    23.5324    27.5282    1541.75    1541.74     -0.053 0.0000e+00
      10298 205.365672    429.042      4.933    27.5294    27.5291    -0.0003   5.757349   5.755708       0.63          1  -0.001640      4.896      4.897    36.3068    23.5319    27.5282    1541.75    1541.74     -0.048 0.0000e+00
      10299 205.365672    429.083      4.941    27.5292    27.5290    -0.0001   5.757311   5.755709       0.63          1  -0.001610      4.905      4.905    36.3067    23.5319    27.5280    1541.75    1541.74     -0.046 0.0000e+00
      10300 205.365673    429.125      4.863    27.5292    27.5293     0.0001   5.757345   5.755710       0.63          1  -0.001635      4.828      4.827    36.3070    23.5321    27.5281    1541.75    1541.74     -0.041 0.0000e+00
      10301 205.365673    429.167      4.933    27.5291    27.5293     0.0001   5.757294   5.755710       0.63          1  -0.001585      4.896      4.897    36.3067    23.5319    27.5279    1541.75    1541.74     -0.036 0.0000e+00
      10302 205.365674    429.208      4.872    27.5292    27.5291    -0.0001   5.757303   5.755704       0.56          1  -0.001594      4.836      4.836    36.3067    23.5318    27.5281    1541.75    1541.74     -0.034 0.0000e+00
      10303 205.365674    429.250      4.933    27.5290    27.5294     0.0004   5.757277   5.755708       0.46          1  -0.001569      4.896      4.897    36.3066    23.5319    27.5278    1541.75    1541.74     -0.029 0.0000e+00
      10304 205.365675    429.292      4.872    27.5288    27.5295     0.0006   5.757297   5.755711       0.44          1  -0.001597      4.836      4.836    36.3069    23.5322    27.5277    1541.75    1541.74     -0.026 0.0000e+00
      10305 205.365675    429.333      4.933    27.5292    27.5293     0.0001   5.757315   5.755745       0.44          1  -0.001606      4.896      4.897    36.3067    23.5319    27.5280    1541.75    1541.74     -0.017 0.0000e+00
      10306 205.365676    429.375      4.872    27.5290    27.5294     0.0004   5.757344   5.755716       0.46          1  -0.001635      4.836      4.836    36.3071    23.5322    27.5279    1541.75    1541.74     -0.011 0.0000e+00
      10307 205.365676    429.417      4.863    27.5288    27.5293     0.0005   5.757288   5.755708       0.46          1  -0.001536      4.828      4.827    36.3069    23.5321    27.5277    1541.75    1541.74     -0.006 0.0000e+00
      10308 205.365677    429.458      4.941    27.5283    27.5293     0.0010   5.757233   5.755676       0.61          1  -0.001534      4.905      4.905    36.3068    23.5323    27.5271    1541.75    1541.74     -0.004 0.0000e+00
      10309 205.365677    429.500      4.863    27.5285    27.5295     0.0010   5.757200   5.755700       0.81          1  -0.001493      4.828      4.827    36.3065    23.5319    27.5274    1541.75    1541.74      0.001 0.0000e+00
      10310 205.365678    429.542      4.863    27.5284    27.5294     0.0010   5.757216   5.755739       0.83          1  -0.001556      4.828      4.827    36.3067    23.5321    27.5273    1541.75    1541.74      0.011 0.0000e+00
      10311 205.365678    429.583      4.872    27.5283    27.5293     0.0010   5.757191   5.755686       0.83          1  -0.001485      4.836      4.836    36.3066    23.5320    27.5272    1541.75    1541.74      0.020 0.0000e+00
      10312 205.365679    429.625      4.933    27.5285    27.5291     0.0006   5.757183   5.755664       0.81          1  -0.001439      4.896      4.897    36.3063    23.5318    27.5273    1541.75    1541.74      0.029 0.0000e+00
      10313 205.365679    429.667      4.872    27.5281    27.5293     0.0012   5.757153   5.755733       0.83          1  -0.001493      4.836      4.836    36.3065    23.5320    27.5270    1541.75    1541.74      0.035 0.0000e+00
      10314 205.365679    429.708      4.863    27.5284    27.5290     0.0006   5.757233   5.755715       0.88          1  -0.001572      4.828      4.827    36.3068    23.5322    27.5273    1541.75    1541.74      0.043 0.0000e+00
      10315 205.365680    429.750      4.941    27.5283    27.5291     0.0008   5.757233   5.755707       0.95          1  -0.001481      4.905      4.905    36.3068    23.5323    27.5271    1541.75    1541.74      0.053 0.0000e+00
      10316 205.365680    429.792      4.863    27.5281    27.5291     0.0010   5.757190   5.755641       0.95          1  -0.001493      4.828      4.827    36.3067    23.5322    27.5270    1541.75    1541.74      0.061 0.0000e+00
      10317 205.365681    429.833      4.941    27.5283    27.5291     0.0008   5.757120   5.755686       0.95          1  -0.001414      4.905      4.905    36.3060    23.5317    27.5271    1541.75    1541.74      0.065 0.0000e+00
      10318 205.365681    429.875      4.863    27.5279    27.5290     0.0011   5.757190   5.755669       0.95          1  -0.001576      4.828      4.827    36.3069    23.5324    27.5268    1541.75    1541.74      0.073 0.0000e+00
      10319 205.365682    429.917      4.932    27.5283    27.5291     0.0008   5.757191   5.755696       0.95          1  -0.001485      4.896      4.896    36.3066    23.5320    27.5271    1541.75    1541.74      0.081 0.0000e+00
      10320 205.365682    429.958      4.872    27.5283    27.5291     0.0008   5.757220   5.755675       0.90          1  -0.001567      4.836      4.836    36.3068    23.5322    27.5272    1541.75    1541.74      0.092 0.0000e+00
      10321 205.365683    430.000      4.932    27.5283    27.5289     0.0006   5.757158   5.755628       0.83          1  -0.001452      4.896      4.896    36.3063    23.5319    27.5271    1541.75    1541.74      0.098 0.0000e+00
      10322 205.365683    430.042      4.941    27.5283    27.5289     0.0006   5.757233   5.755646       0.83          1  -0.001572      4.905      4.905    36.3068    23.5323    27.5271    1541.75    1541.74      0.104 0.0000e+00
      10323 205.365684    430.083      4.932    27.5284    27.5285     0.0001   5.757204   5.755625       0.83          1  -0.001589      4.896      4.896    36.3066    23.5320    27.5272    1541.75    1541.74      0.114 0.0000e+00
      10324 205.365684    430.125      4.941    27.5285    27.5287     0.0002   5.757250   5.755543       0.83          1  -0.001597      4.905      4.905    36.3068    23.5322    27.5273    1541.75    1541.74      0.123 0.0000e+00
      10325 205.365685    430.167      4.932    27.5288    27.5285    -0.0003   5.757301   5.755592       0.83          1  -0.001685      4.896      4.896    36.3069    23.5322    27.5276    1541.75    1541.74      0.123 0.0000e+00
      10326 205.365685    430.208      4.932    27.5286    27.5283    -0.0003   5.757247   5.755644       0.59          1  -0.001729      4.896      4.896    36.3067    23.5321    27.5274    1541.75    1541.74      0.131 0.0000e+00
      10327 205.365686    430.250      4.941    27.5288    27.5285    -0.0003   5.757255   5.755625       0.32          1  -0.001639      4.905      4.905    36.3066    23.5319    27.5276    1541.75    1541.74      0.139 0.0000e+00
      10328 205.365686    430.292      4.993    27.5286    27.5282    -0.0004   5.757305   5.755615       0.24          1  -0.001651      4.956      4.956    36.3071    23.5324    27.5274    1541.75    1541.74      0.145 0.0000e+00
      10329 205.365687    430.333      4.941    27.5290    27.5285    -0.0005   5.757310   5.755576       0.24          1  -0.001693      4.905      4.905    36.3069    23.5320    27.5278    1541.75    1541.74      0.151 0.0000e+00
      10330 205.365687    430.375      4.993    27.5292    27.5283    -0.0009   5.757278   5.755630       0.27          1  -0.001660      4.956      4.956    36.3065    23.5317    27.5280    1541.75    1541.74      0.156 0.0000e+00
      10331 205.365688    430.417      5.002    27.5292    27.5285    -0.0006   5.757270   5.755625       0.27          1  -0.001704      4.965      4.965    36.3064    23.5316    27.5280    1541.75    1541.74      0.161 0.0000e+00
      10332 205.365688    430.458      4.932    27.5290    27.5284    -0.0006   5.757273   5.755576       0.42          1  -0.001618      4.896      4.896    36.3066    23.5318    27.5278    1541.75    1541.74      0.160 0.0000e+00
      10333 205.365689    430.500      5.002    27.5285    27.5285     0.0001   5.757267   5.755603       0.54          1  -0.001651      4.965      4.965    36.3069    23.5323    27.5273    1541.75    1541.74      0.167 0.0000e+00
      10334 205.365689    430.542      5.062    27.5286    27.5283    -0.0003   5.757268   5.755610       0.59          1  -0.001704      5.025      5.025    36.3068    23.5322    27.5274    1541.75    1541.74      0.170 0.0000e+00
      10335 205.365690    430.583      4.993    27.5288    27.5285    -0.0003   5.757176   5.755614       0.56          1  -0.001559      4.956      4.956    36.3060    23.5315    27.5276    1541.75    1541.74      0.171 0.0000e+00
      10336 205.365690    430.625      5.002    27.5284    27.5285     0.0001   5.757041   5.755616       0.56          1  -0.001433      4.965      4.965    36.3054    23.5311    27.5272    1541.75    1541.74      0.172 0.0000e+00
      10337 205.365691    430.667      5.062    27.5286    27.5284    -0.0003   5.757138   5.755616       0.56          1  -0.001522      5.025      5.025    36.3059    23.5315    27.5274    1541.75    1541.74      0.176 0.0000e+00
      10338 205.365691    430.708      5.071    27.5285    27.5285     0.0000   5.757212   5.755616       0.71          1  -0.001597      5.034      5.034    36.3065    23.5319    27.5273    1541.75    1541.74      0.175 0.0000e+00
      10339 205.365692    430.750      5.062    27.5286    27.5284    -0.0003   5.757263   5.755611       0.88          1  -0.001647      5.025      5.025    36.3068    23.5321    27.5274    1541.75    1541.74      0.173 0.0000e+00
      10340 205.365692    430.792      5.002    27.5285    27.5284    -0.0001   5.757267   5.755614       0.90          1  -0.001651      4.965      4.965    36.3069    23.5323    27.5273    1541.75    1541.74      0.171 0.0000e+00
      10341 205.365693    430.833      5.062    27.5284    27.5285     0.0001   5.757233   5.755616       0.90          1  -0.001625      5.025      5.025    36.3067    23.5322    27.5272    1541.75    1541.74      0.171 0.0000e+00
      10342 205.365693    430.875      5.071    27.5285    27.5285     0.0000   5.757254   5.755651       0.88          1  -0.001639      5.034      5.034    36.3068    23.5322    27.5273    1541.75    1541.74      0.168 0.0000e+00
      10343 205.365693    430.917      5.123    27.5286    27.5285    -0.0001   5.757243   5.755656       0.88          1  -0.001626      5.085      5.085    36.3066    23.5320    27.5274    1541.75    1541.74      0.163 0.0000e+00
      10344 205.365694    430.958      5.062    27.5285    27.5285     0.0001   5.757258   5.755625       1.12          1  -0.001597      5.025      5.025    36.3068    23.5322    27.5273    1541.75    1541.74      0.162 0.0000e+00
