test_data/proc/CTD03_avg.cnv
* Sea-Bird SBE 9 Data File:
* FileName = D:\ctd\raw\CTD03.hdr
* Software Version Seasave V 7.27.0.46
* Temperature SN = 4695
* Conductivity SN = 0618
* Number of Bytes Per Scan = 40
* Number of Voltage Words = 5
* Number of Scans Averaged by the Deck Unit = 1
* NMEA Latitude = 36 15.03 N
* NMEA Longitude = 066 35.01 W
* NMEA UTC (Time) = Jul 24 2025  09:45:19
* NMEA baud rate = 4800
** Ship: R/V Endeavor
** Cruise: EN734
** Principal Investigators: Bess Ward
** Chief_Scientist: Bess Ward
** Project: Nitrous Oxide Consumption in Surface Waters
** Cruise Start Date: 21 July 2025
** Ports: Narragansett to Narragansett, Rhode Island
** Bottom Depth:
** Operator:
# nquan = 22
# nvalues = 1921                        
# units = specified
# name 0 = scan: Scan Count
# name 1 = timeJ: Julian Days
# name 2 = timeS: Time, Elapsed [seconds]
# name 3 = prDM: Pressure, Digiquartz [db]
# name 4 = t090C: Temperature [ITS-90, deg C]
# name 5 = t190C: Temperature, 2 [ITS-90, deg C]
# name 6 = T2-T190C: Temperature Difference, 2 - 1 [ITS-90, deg C]
# name 7 = c0S/m: Conductivity [S/m]
# name 8 = c1S/m: Conductivity, 2 [S/m]
# name 9 = altM: Altimeter [m]
# name 10 = pumps: Pump Status
# name 11 = C2-C1S/m: Conductivity Difference, 2 - 1 [S/m]
# name 12 = depSM: Depth [salt water, m]
# name 13 = depSM: Depth [salt water, m], lat = 36.2505
# name 14 = sal00: Salinity, Practical [PSU]
# name 15 = sigma-é00: Density [sigma-theta, kg/m^3]
# name 16 = potemp090C: Potential Temperature [ITS-90, deg C]
# name 17 = svCM: Sound Velocity [Chen-Millero, m/s]
# name 18 = svCM1: Sound Velocity, 2 [Chen-Millero, m/s]
# name 19 = dz/dtM: Descent Rate [m/s], WS = 2
# name 20 = nbin: number of scans per bin
# name 21 = flag: flag
# span 0 =       2010,      55457       
# span 1 = 205.407474, 205.433249       
# span 2 =     83.720,   2310.686       
# span 3 =      8.059,   1951.297       
# span 4 =     4.0417,    27.5183       
# span 5 =     4.0415,    27.5183       
# span 6 =    -0.0068,     0.0412       
# span 7 =   3.342194,   5.757237       
# span 8 =   3.340976,   5.755629       
# span 9 =      -0.07,      42.71       
# span 10 =          1,          1      
# span 11 =  -0.003124,   0.003013      
# span 12 =      8.000,   1928.005      
# span 13 =      8.000,   1928.000      
# span 14 =    34.9828,    36.7668      
# span 15 =    23.5390,    27.7863      
# span 16 =     3.8785,    27.5143      
# span 17 =    1493.48,    1542.05      
# span 18 =    1493.46,    1542.04      
# span 19 =     -0.226,      1.429      
# span 20 =         16,       2677      
# span 21 = 0.0000e+00, 0.0000e+00      
# interval = meters: 1                  
# start_time = Jul 24 2025 09:45:22 [System UTC, header]
# bad_flag = -9.990e-29
*END*
[from data line 1581]
      43628 205.427544   1817.790   1606.898     4.4551     4.4547    -0.0004   3.366973   3.365760       0.87          1  -0.001210   1588.995   1589.000    35.0033    27.7547     4.3195    1495.07    1495.05      1.173         20 0.0000e+00
      43647 205.427553   1818.593   1607.913     4.4546     4.4543    -0.0003   3.366977   3.365770       0.92          1  -0.001204   1589.998   1590.000    35.0034    27.7549     4.3189    1495.08    1495.06      1.291         19 0.0000e+00
      43666 205.427562   1819.365   1608.928     4.4514     4.4513    -0.0001   3.366709   3.365515       0.68          1  -0.001168   1591.003   1591.000    35.0032    27.7550     4.3156    1495.09    1495.07      1.251         19 0.0000e+00
      43687 205.427572   1820.244   1609.943     4.4492     4.4489    -0.0002   3.366535   3.365332       0.76          1  -0.001185   1592.008   1592.000    35.0030    27.7551     4.3134    1495.09    1495.08      1.016         24 0.0000e+00
      43717 205.427587   1821.498   1610.959     4.4455     4.4455     0.0000   3.366225   3.365038       0.86          1  -0.001170   1593.000   1593.000    35.0027    27.7553     4.3096    1495.09    1495.08      0.755         35 0.0000e+00
      43747 205.427601   1822.765   1611.974     4.4422     4.4420    -0.0002   3.365975   3.364759       0.91          1  -0.001205   1593.991   1594.000    35.0027    27.7557     4.3063    1495.10    1495.08      0.991         24 0.0000e+00
      43769 205.427612   1823.648   1612.989     4.4410     4.4407    -0.0003   3.365928   3.364703       0.98          1  -0.001225   1594.998   1595.000    35.0030    27.7560     4.3050    1495.11    1495.09      1.223         20 0.0000e+00
      43787 205.427621   1824.435   1614.004     4.4396     4.4394    -0.0002   3.365836   3.364628       0.77          1  -0.001193   1596.000   1596.000    35.0029    27.7562     4.3035    1495.12    1495.10      1.273         18 0.0000e+00
      43807 205.427630   1825.250   1615.019     4.4381     4.4382     0.0001   3.365753   3.364564       0.75          1  -0.001188   1597.006   1597.000    35.0030    27.7564     4.3019    1495.13    1495.11      1.160         21 0.0000e+00
      43831 205.427642   1826.235   1616.034     4.4352     4.4354     0.0002   3.365495   3.364328       0.62          1  -0.001147   1598.005   1598.000    35.0025    27.7563     4.2990    1495.14    1495.12      0.941         27 0.0000e+00
      43859 205.427655   1827.410   1617.049     4.4332     4.4331    -0.0001   3.365348   3.364151       0.64          1  -0.001189   1598.997   1599.000    35.0024    27.7565     4.2969    1495.15    1495.13      0.891         28 0.0000e+00
      43884 205.427667   1828.472   1618.065     4.4308     4.4307    -0.0001   3.365145   3.363957      26.89          1  -0.001174   1599.996   1600.000    35.0021    27.7565     4.2944    1495.15    1495.13      1.042         23 0.0000e+00
      43906 205.427678   1829.382   1619.080     4.4287     4.4287     0.0000   3.364988   3.363812       0.56          1  -0.001161   1600.997   1601.000    35.0020    27.7567     4.2923    1495.16    1495.14      1.165         21 0.0000e+00
      43926 205.427688   1830.221   1620.095     4.4272     4.4268    -0.0004   3.364891   3.363664       0.75          1  -0.001218   1601.999   1602.000    35.0019    27.7568     4.2907    1495.17    1495.15      1.219         20 0.0000e+00
      43946 205.427697   1831.051   1621.110     4.4259     4.4258    -0.0001   3.364824   3.363620       0.72          1  -0.001201   1603.003   1603.000    35.0020    27.7570     4.2893    1495.18    1495.16      1.168         20 0.0000e+00
      43969 205.427708   1831.993   1622.125     4.4262     4.4259    -0.0004   3.364905   3.363683       0.70          1  -0.001232   1604.005   1604.000    35.0022    27.7571     4.2895    1495.20    1495.18      0.972         26 0.0000e+00
      43997 205.427722   1833.182   1623.141     4.4266     4.4263    -0.0003   3.364999   3.363781      21.78          1  -0.001217   1604.998   1605.000    35.0024    27.7572     4.2898    1495.22    1495.20      0.849         29 0.0000e+00
      44024 205.427735   1834.303   1624.156     4.4265     4.4262    -0.0004   3.365042   3.363813       0.01          1  -0.001233   1605.997   1606.000    35.0025    27.7573     4.2896    1495.24    1495.22      0.992         24 0.0000e+00
      44047 205.427746   1835.266   1625.171     4.4277     4.4275    -0.0002   3.365222   3.364027       0.58          1  -0.001217   1606.999   1607.000    35.0029    27.7575     4.2907    1495.26    1495.24      1.072         23 0.0000e+00
      44070 205.427757   1836.199   1626.186     4.4290     4.4288    -0.0002   3.365410   3.364199       0.69          1  -0.001214   1607.999   1608.000    35.0032    27.7576     4.2919    1495.28    1495.26      1.099         22 0.0000e+00
      44092 205.427768   1837.111   1627.201     4.4287     4.4283    -0.0004   3.365435   3.364196      10.92          1  -0.001239   1609.000   1609.000    35.0032    27.7577     4.2915    1495.30    1495.28      1.116         22 0.0000e+00
      44114 205.427778   1838.028   1628.216     4.4290     4.4285    -0.0004   3.365501   3.364271      17.24          1  -0.001252   1610.002   1610.000    35.0033    27.7577     4.2917    1495.32    1495.30      1.067         23 0.0000e+00
      44138 205.427790   1839.029   1629.232     4.4319     4.4315    -0.0005   3.365874   3.364631       0.96          1  -0.001259   1611.001   1611.000    35.0040    27.7580     4.2945    1495.35    1495.33      0.986         25 0.0000e+00
      44163 205.427802   1840.067   1630.247     4.4303     4.4303    -0.0000   3.365765   3.364554       0.76          1  -0.001177   1611.997   1612.000    35.0039    27.7581     4.2928    1495.36    1495.34      1.028         24 0.0000e+00
      44185 205.427813   1841.002   1631.262     4.4241     4.4250     0.0010   3.365176   3.364088       0.53          1  -0.001074   1612.997   1613.000    35.0032    27.7582     4.2865    1495.35    1495.33      1.126         21 0.0000e+00
      44206 205.427823   1841.879   1632.277     4.4223     4.4222    -0.0000   3.365033   3.363834       0.57          1  -0.001173   1614.001   1614.000    35.0029    27.7582     4.2847    1495.36    1495.34      1.138         21 0.0000e+00
      44228 205.427833   1842.800   1633.293     4.4121     4.4112    -0.0008   3.364013   3.362713       0.61          1  -0.001188   1615.003   1615.000    35.0012    27.7580     4.2745    1495.33    1495.31      1.058         24 0.0000e+00
      44252 205.427845   1843.803   1634.308     4.4052     4.4047    -0.0006   3.363356   3.362111       0.59          1  -0.001250   1616.000   1616.000    35.0003    27.7579     4.2676    1495.32    1495.30      1.002         24 0.0000e+00
      44277 205.427857   1844.820   1635.323     4.4060     4.4063     0.0003   3.363476   3.362309       0.72          1  -0.001156   1617.001   1617.000    35.0004    27.7579     4.2683    1495.34    1495.32      0.975         25 0.0000e+00
      44303 205.427869   1845.916   1636.338     4.4072     4.4054    -0.0018   3.363638   3.362260       0.77          1  -0.001364   1618.003   1618.000    35.0005    27.7579     4.2694    1495.36    1495.33      0.877         28 0.0000e+00
      44332 205.427883   1847.110   1637.354     4.4013     4.4013    -0.0001   3.363075   3.361878       0.58          1  -0.001191   1618.995   1619.000    34.9996    27.7579     4.2635    1495.35    1495.33      0.913         27 0.0000e+00
      44356 205.427895   1848.117   1638.369     4.4000     4.3999    -0.0001   3.362989   3.361785       0.83          1  -0.001197   1619.995   1620.000    34.9995    27.7579     4.2621    1495.36    1495.34      1.118         22 0.0000e+00
      44376 205.427905   1848.955   1639.384     4.3996     4.3996    -0.0000   3.362995   3.361807       0.81          1  -0.001197   1620.999   1621.000    34.9995    27.7580     4.2616    1495.38    1495.36      1.248         19 0.0000e+00
      44395 205.427914   1849.747   1640.399     4.3997     4.3995    -0.0002   3.363044   3.361838       0.59          1  -0.001193   1622.002   1622.000    34.9995    27.7580     4.2616    1495.39    1495.38      1.252         19 0.0000e+00
      44415 205.427923   1850.584   1641.415     4.3989     4.3984    -0.0005   3.363007   3.361766       0.57          1  -0.001250   1623.002   1623.000    34.9995    27.7580     4.2607    1495.41    1495.39      1.140         21 0.0000e+00
      44439 205.427935   1851.569   1642.430     4.3985     4.3983    -0.0003   3.363024   3.361794       0.82          1  -0.001230   1624.004   1624.000    34.9995    27.7581     4.2602    1495.42    1495.40      0.958         27 0.0000e+00
      44466 205.427948   1852.697   1643.445     4.3998     4.3990    -0.0008   3.363208   3.361937       0.67          1  -0.001277   1624.998   1625.000    34.9998    27.7582     4.2614    1495.45    1495.42      0.932         26 0.0000e+00
      44490 205.427960   1853.723   1644.461     4.3999     4.3994    -0.0005   3.363253   3.362018       0.76          1  -0.001246   1625.997   1626.000    34.9998    27.7582     4.2614    1495.46    1495.44      1.044         23 0.0000e+00
      44513 205.427971   1854.659   1645.476     4.4002     4.3997    -0.0005   3.363337   3.362092       0.72          1  -0.001244   1627.000   1627.000    34.9999    27.7583     4.2616    1495.48    1495.46      1.082         23 0.0000e+00
      44536 205.427982   1855.608   1646.491     4.4010     4.4004    -0.0006   3.363466   3.362220       0.66          1  -0.001268   1628.001   1628.000    35.0001    27.7584     4.2623    1495.50    1495.48      1.043         23 0.0000e+00
      44560 205.427993   1856.607   1647.506     4.4020     4.4020    -0.0000   3.363623   3.362436       0.74          1  -0.001198   1629.001   1629.000    35.0004    27.7585     4.2632    1495.52    1495.50      1.003         24 0.0000e+00
      44584 205.428005   1857.630   1648.522     4.4018     4.4010    -0.0008   3.363646   3.362369       0.87          1  -0.001257   1630.000   1630.000    35.0004    27.7585     4.2629    1495.54    1495.52      0.983         25 0.0000e+00
      44609 205.428017   1858.676   1649.537     4.3996     4.3993    -0.0003   3.363449   3.362228       0.74          1  -0.001209   1631.000   1631.000    34.9999    27.7584     4.2606    1495.55    1495.53      0.970         25 0.0000e+00
      44634 205.428029   1859.711   1650.552     4.3982     4.3973    -0.0010   3.363357   3.362076       0.76          1  -0.001281   1631.997   1632.000    34.9998    27.7585     4.2592    1495.56    1495.54      1.030         24 0.0000e+00
      44656 205.428040   1860.642   1651.568     4.3976     4.3974    -0.0002   3.363341   3.362130       0.61          1  -0.001207   1632.996   1633.000    34.9997    27.7585     4.2585    1495.57    1495.55      1.157         21 0.0000e+00
      44676 205.428049   1861.475   1652.583     4.3979     4.3971    -0.0008   3.363402   3.362138       0.83          1  -0.001273   1634.000   1634.000    34.9997    27.7584     4.2587    1495.59    1495.57      1.238         19 0.0000e+00
      44696 205.428059   1862.288   1653.598     4.3977     4.3972    -0.0006   3.363424   3.362180       0.57          1  -0.001253   1635.003   1635.000    34.9997    27.7585     4.2583    1495.61    1495.59      1.201         21 0.0000e+00
      44717 205.428069   1863.186   1654.614     4.3971     4.3970    -0.0001   3.363418   3.362198       0.72          1  -0.001220   1636.005   1636.000    34.9997    27.7586     4.2577    1495.62    1495.60      1.027         23 0.0000e+00
      44745 205.428083   1864.333   1655.629     4.3963     4.3967     0.0004   3.363360   3.362213       0.80          1  -0.001145   1637.002   1637.000    34.9994    27.7584     4.2568    1495.63    1495.62      0.824         31 0.0000e+00
      44775 205.428097   1865.570   1656.644     4.3851     4.3858     0.0007   3.362251   3.361095       0.57          1  -0.001043   1637.995   1638.000    34.9977    27.7583     4.2456    1495.60    1495.59      0.921         27 0.0000e+00
      44798 205.428108   1866.558   1657.660     4.3713     4.3707    -0.0006   3.360892   3.359626       6.44          1  -0.001176   1638.996   1639.000    34.9958    27.7582     4.2319    1495.56    1495.54      1.102         22 0.0000e+00
      44819 205.428118   1867.430   1658.675     4.3599     4.3601     0.0002   3.359765   3.358574      24.29          1  -0.001090   1639.999   1640.000    34.9942    27.7582     4.2206    1495.53    1495.51      1.194         20 0.0000e+00
      44839 205.428128   1868.262   1659.690     4.3521     4.3522     0.0001   3.358984   3.357806       1.17          1  -0.001099   1641.000   1641.000    34.9928    27.7579     4.2127    1495.51    1495.49      1.215         20 0.0000e+00
      44859 205.428138   1869.103   1660.706     4.3443     4.3442    -0.0001   3.358243   3.357056      30.89          1  -0.001172   1642.003   1642.000    34.9919    27.7580     4.2049    1495.49    1495.48      1.167         20 0.0000e+00
      44881 205.428148   1870.020   1661.721     4.3431     4.3427    -0.0003   3.358157   3.356948       0.75          1  -0.001203   1643.003   1643.000    34.9916    27.7579     4.2037    1495.51    1495.49      1.032         24 0.0000e+00
      44908 205.428161   1871.107   1662.737     4.3437     4.3432    -0.0004   3.358263   3.357042       0.69          1  -0.001232   1644.002   1644.000    34.9917    27.7580     4.2041    1495.53    1495.51      0.886         28 0.0000e+00
      44936 205.428175   1872.280   1663.752     4.3447     4.3443    -0.0005   3.358421   3.357198       0.68          1  -0.001229   1644.998   1645.000    34.9920    27.7581     4.2051    1495.55    1495.53      0.903         28 0.0000e+00
      44961 205.428187   1873.344   1664.767     4.3452     4.3447    -0.0005   3.358526   3.357286       1.09          1  -0.001241   1645.998   1646.000    34.9922    27.7582     4.2054    1495.57    1495.55      0.994         24 0.0000e+00
      44985 205.428198   1874.335   1665.783     4.3713     4.3693    -0.0019   3.361398   3.360073       0.65          1  -0.001576   1646.998   1647.000    34.9979    27.7600     4.2311    1495.70    1495.67      1.048         23 0.0000e+00
      45008 205.428209   1875.281   1666.798     4.3755     4.3754    -0.0002   3.361920   3.360712       0.82          1  -0.001202   1647.999   1648.000    34.9990    27.7604     4.2352    1495.73    1495.72      1.106         22 0.0000e+00
      45029 205.428220   1876.172   1667.814     4.3734     4.3736     0.0001   3.361745   3.360567       0.79          1  -0.001146   1648.998   1649.000    34.9987    27.7605     4.2330    1495.74    1495.73      1.166         21 0.0000e+00
      45050 205.428230   1877.025   1668.829     4.3686     4.3682    -0.0004   3.361293   3.360076       1.02          1  -0.001202   1650.001   1650.000    34.9980    27.7604     4.2281    1495.74    1495.72      1.178         20 0.0000e+00
      45071 205.428240   1877.903   1669.844     4.3718     4.3718    -0.0000   3.361720   3.360545       0.69          1  -0.001226   1651.002   1651.000    34.9991    27.7609     4.2312    1495.77    1495.75      1.110         22 0.0000e+00
      45094 205.428251   1878.871   1670.860     4.3723     4.3725     0.0002   3.361817   3.360648       0.79          1  -0.001153   1652.001   1652.000    34.9992    27.7610     4.2316    1495.79    1495.77      1.013         25 0.0000e+00
      45119 205.428263   1879.902   1671.875     4.3586     4.3602     0.0016   3.360446   3.359401       0.69          1  -0.000949   1652.999   1653.000    34.9972    27.7608     4.2180    1495.75    1495.74      0.998         24 0.0000e+00
