test_data/proc/CTD02_avg.cnv
* Sea-Bird SBE 9 Data File:
* FileName = D:\ctd\raw\CTD02.hdr
* Software Version Seasave V 7.27.0.46
* Temperature SN = 4695
* Conductivity SN = 0618
* Number of Bytes Per Scan = 40
* Number of Voltage Words = 5
* Number of Scans Averaged by the Deck Unit = 1
* NMEA Latitude = 36 15.00 N
* NMEA Longitude = 066 35.03 W
* NMEA UTC (Time) = Jul 24 2025  08:39:22
* NMEA baud rate = 4800
** Ship: R/V Endeavor
** Cruise: EN734
** Principal Investigators: Bess Ward
** Chief_Scientist: Bess Ward
** Project: Nitrous Oxide Consumption in Surface Waters
** Cruise Start Date: 21 July 2025
** Ports: Narragansett to Narragansett, Rhode Island
** Bottom Depth:
** Operator:  JCH
# nquan = 22
# nvalues = 44                          
# units = specified
# name 0 = scan: Scan Count
# name 1 = timeJ: Julian Days
# name 2 = timeS: Time, Elapsed [seconds]
# name 3 = prDM: Pressure, Digiquartz [db]
# name 4 = t090C: Temperature [ITS-90, deg C]
# name 5 = t190C: Temperature, 2 [ITS-90, deg C]
# name 6 = T2-T190C: Temperature Difference, 2 - 1 [ITS-90, deg C]
# name 7 = c0S/m: Conductivity [S/m]
# name 8 = c1S/m: Conductivity, 2 [S/m]
# name 9 = altM: Altimeter [m]
# name 10 = pumps: Pump Status
# name 11 = C2-C1S/m: Conductivity Difference, 2 - 1 [S/m]
# name 12 = depSM: Depth [salt water, m]
# name 13 = depSM: Depth [salt water, m], lat = 36.25
# name 14 = sal00: Salinity, Practical [PSU]
# name 15 = sigma-é00: Density [sigma-theta, kg/m^3]
# name 16 = potemp090C: Potential Temperature [ITS-90, deg C]
# name 17 = svCM: Sound Velocity [Chen-Millero, m/s]
# name 18 = svCM1: Sound Velocity, 2 [Chen-Millero, m/s]
# name 19 = dz/dtM: Descent Rate [m/s], WS = 2
# name 20 = nbin: number of scans per bin
# name 21 = flag: flag
# span 0 =        132,       4585       
# span 1 = 205.360769, 205.362916       
# span 2 =      5.475,    190.985       
# span 3 =      7.052,     50.375       
# span 4 =    23.4333,    27.5322       
# span 5 =    23.4425,    27.5318       
# span 6 =    -0.0016,     0.0322       
# span 7 =   5.362998,   5.758872       
# span 8 =   5.362292,   5.757465       
# span 9 =      -0.79,      15.07       
# span 10 =          1,          1      
# span 11 =  -0.001549,   0.003032      
# span 12 =      7.000,     50.000      
# span 13 =      7.000,     50.000      
# span 14 =    36.3041,    36.6675      
# span 15 =    23.5308,    25.0723      
# span 16 =    23.4228,    27.5281      
# span 17 =    1533.20,    1542.07      
# span 18 =    1533.21,    1542.06      
# span 19 =     -0.146,      0.731      
# span 20 =         32,       1093      
# span 21 = 0.0000e+00, 0.0000e+00      
# interval = meters: 1                  
# start_time = Jul 24 2025 08:39:25 [System UTC, header]
# bad_flag = -9.990e-29
*END*
        132 205.360769      5.475      7.052    27.5190    27.5186    -0.0003   5.755913   5.754539      -0.79          1  -0.001374      7.000      7.000    36.3041    23.5334    27.5173    1541.76    1541.75     -0.146       1093 0.0000e+00
       1778 205.361563     74.042      8.059    27.5241    27.5240    -0.0001   5.756664   5.755253       8.06          1  -0.001405      8.001      8.000    36.3051    23.5326    27.5222    1541.79    1541.78      0.372         61 0.0000e+00
       1906 205.361625     79.375      9.067    27.5232    27.5227    -0.0005   5.756632   5.755166       9.80          1  -0.001464      9.000      9.000    36.3053    23.5330    27.5211    1541.80    1541.79      0.329         72 0.0000e+00
       1974 205.361658     82.219     10.074    27.5227    27.5229     0.0002   5.756604   5.755210       7.28          1  -0.001391      9.998     10.000    36.3051    23.5332    27.5204    1541.82    1541.81      0.386         64 0.0000e+00
       2028 205.361683     84.449     11.081    27.5232    27.5223    -0.0009   5.756716   5.755183       2.82          1  -0.001535     11.002     11.000    36.3052    23.5331    27.5206    1541.84    1541.83      0.417         57 0.0000e+00
       2100 205.361718     87.444     12.089    27.5249    27.5239    -0.0010   5.756947   5.755397       6.83          1  -0.001549     11.996     12.000    36.3052    23.5327    27.5221    1541.86    1541.85      0.373         65 0.0000e+00
       2150 205.361742     89.542     13.096    27.5267    27.5269     0.0002   5.757197   5.755784       1.26          1  -0.001436     13.002     13.000    36.3053    23.5322    27.5236    1541.88    1541.87      0.399         61 0.0000e+00
       2220 205.361776     92.465     14.104    27.5280    27.5278    -0.0002   5.757394   5.755954       0.65          1  -0.001424     13.997     14.000    36.3054    23.5320    27.5247    1541.90    1541.89      0.414         58 0.0000e+00
       2264 205.361797     94.288     15.111    27.5292    27.5290    -0.0001   5.757568   5.756122       1.04          1  -0.001473     15.001     15.000    36.3054    23.5317    27.5257    1541.92    1541.91      0.557         43 0.0000e+00
       2316 205.361822     96.448     16.119    27.5319    27.5318    -0.0001   5.757895   5.756422       9.72          1  -0.001479     16.001     16.000    36.3053    23.5308    27.5281    1541.94    1541.93      0.399         62 0.0000e+00
       2377 205.361852     99.016     17.126    27.5316    27.5316     0.0000   5.757997   5.756539       0.38          1  -0.001460     16.998     17.000    36.3059    23.5314    27.5276    1541.96    1541.95      0.450         53 0.0000e+00
       2428 205.361876    101.108     18.134    27.5312    27.5310    -0.0003   5.758062   5.756601       4.20          1  -0.001462     18.001     18.000    36.3064    23.5319    27.5270    1541.98    1541.97      0.436         57 0.0000e+00
       2485 205.361904    103.488     19.141    27.5317    27.5315    -0.0002   5.758080   5.756621      15.07          1  -0.001459     18.997     19.000    36.3058    23.5315    27.5272    1541.99    1541.98      0.514         47 0.0000e+00
       2525 205.361923    105.153     20.149    27.5322    27.5318    -0.0003   5.758197   5.756740       1.30          1  -0.001459     20.003     20.000    36.3060    23.5315    27.5275    1542.01    1542.00      0.565         42 0.0000e+00
       2580 205.361950    107.444     21.156    27.5302    27.5306     0.0004   5.758251   5.756782       0.92          1  -0.001475     20.999     21.000    36.3076    23.5334    27.5253    1542.03    1542.02      0.392         63 0.0000e+00
       2632 205.361975    109.632     22.164    27.5276    27.5272    -0.0004   5.758420   5.756984       0.99          1  -0.001441     21.999     22.000    36.3105    23.5365    27.5224    1542.04    1542.03      0.559         42 0.0000e+00
       2674 205.361995    111.394     23.171    27.5268    27.5266    -0.0002   5.758699   5.757224      14.71          1  -0.001492     23.002     23.000    36.3128    23.5386    27.5214    1542.06    1542.05      0.531         46 0.0000e+00
       2728 205.362021    113.633     24.179    27.5223    27.5226     0.0004   5.758872   5.757465       2.93          1  -0.001398     24.000     24.000    36.3172    23.5435    27.5167    1542.07    1542.06      0.407         61 0.0000e+00
       2784 205.362048    115.960     25.186    27.4601    27.4650     0.0049   5.758088   5.756637       0.78          1  -0.001456     24.998     25.000    36.3597    23.5958    27.4542    1541.99    1541.99      0.529         45 0.0000e+00
       2823 205.362067    117.567     26.194    27.3163    27.3247     0.0084   5.751568   5.750712       0.69          1  -0.000399     26.001     26.000    36.4250    23.6916    27.3102    1541.76    1541.76      0.661         36 0.0000e+00
       2864 205.362087    119.277     27.201    26.9753    27.0075     0.0322   5.722744   5.724040       6.58          1   0.003032     27.001     27.000    36.4855    23.8470    26.9690    1541.07    1541.12      0.507         49 0.0000e+00
       2924 205.362116    121.795     28.209    26.3559    26.3620     0.0061   5.662185   5.661615       7.66          1   0.000842     28.000     28.000    36.5365    24.0829    26.3495    1539.72    1539.73      0.356         70 0.0000e+00
       2981 205.362143    124.184     29.216    26.0538    26.0570     0.0032   5.632047   5.630809       0.44          1  -0.000949     28.997     29.000    36.5568    24.1936    26.0472    1539.07    1539.06      0.605         40 0.0000e+00
       3017 205.362160    125.653     30.224    25.9975    25.9998     0.0024   5.627005   5.625881       0.60          1  -0.000700     30.004     30.000    36.5645    24.2171    25.9907    1538.96    1538.95      0.622         38 0.0000e+00
       3075 205.362189    128.094     31.231    25.7616    25.7662     0.0046   5.594864   5.594102       0.83          1   0.000505     30.999     31.000    36.5166    24.2548    25.7546    1538.37    1538.37      0.342         74 0.0000e+00
       3128 205.362214    130.310     32.239    25.5140    25.5205     0.0065   5.562263   5.561453       0.67          1  -0.000144     31.995     32.000    36.4743    24.2999    25.5069    1537.76    1537.76      0.731         32 0.0000e+00
       3159 205.362229    131.576     33.246    25.3842    25.3897     0.0054   5.547810   5.546926       0.58          1  -0.000234     33.006     33.000    36.4712    24.3377    25.3769    1537.47    1537.47      0.685         34 0.0000e+00
       3215 205.362256    133.924     34.254    25.3201    25.3186    -0.0016   5.541212   5.539741       9.58          1  -0.001337     33.999     34.000    36.4735    24.3593    25.3126    1537.33    1537.32      0.338         71 0.0000e+00
       3272 205.362284    136.294     35.261    25.2101    25.2117     0.0016   5.530771   5.529259       0.74          1  -0.000888     35.001     35.000    36.4842    24.4013    25.2024    1537.10    1537.09      0.507         48 0.0000e+00
       3321 205.362307    138.354     36.269    25.1136    25.1131    -0.0004   5.521702   5.520125       0.94          1  -0.001478     35.999     36.000    36.4943    24.4387    25.1056    1536.90    1536.89      0.501         48 0.0000e+00
       3365 205.362329    140.182     37.277    24.9508    24.9611     0.0103   5.506007   5.505263       0.82          1   0.000072     37.000     37.000    36.5084    24.4992    24.9427    1536.54    1536.55      0.564         43 0.0000e+00
       3413 205.362352    142.181     38.284    24.8403    24.8440     0.0036   5.495642   5.494396       0.85          1  -0.000956     38.001     38.000    36.5201    24.5418    24.8320    1536.30    1536.30      0.447         55 0.0000e+00
       3467 205.362377    144.410     39.292    24.6372    24.6432     0.0060   5.476405   5.475314       0.84          1  -0.000294     38.996     39.000    36.5403    24.6189    24.6288    1535.85    1535.85      0.533         45 0.0000e+00
       3509 205.362398    146.147     40.299    24.5496    24.5511     0.0014   5.468081   5.466645       0.75          1  -0.001188     40.004     40.000    36.5487    24.6519    24.5409    1535.67    1535.66      0.522         46 0.0000e+00
       3569 205.362427    148.653     41.307    24.4856    24.4897     0.0040   5.461391   5.460294       0.74          1  -0.000930     40.998     41.000    36.5501    24.6723    24.4768    1535.53    1535.53      0.371         65 0.0000e+00
       3620 205.362451    150.799     42.314    24.4179    24.4238     0.0059   5.454697   5.453596       0.73          1  -0.000618     42.000     42.000    36.5546    24.6962    24.4088    1535.38    1535.39      0.573         42 0.0000e+00
       3662 205.362471    152.527     43.322    24.3141    24.3184     0.0043   5.444698   5.443471       0.97          1  -0.001003     43.001     43.000    36.5634    24.7343    24.3048    1535.16    1535.16      0.571         42 0.0000e+00
       3705 205.362492    154.345     44.330    24.2563    24.2581     0.0018   5.439579   5.438085       0.73          1  -0.001314     44.000     44.000    36.5717    24.7579    24.2468    1535.04    1535.03      0.512         47 0.0000e+00
       3760 205.362519    156.613     45.337    24.2097    24.2107     0.0011   5.436119   5.434600       0.65          1  -0.001333     44.999     45.000    36.5833    24.7808    24.2000    1534.96    1534.95      0.432         57 0.0000e+00
       3815 205.362545    158.916     46.345    23.9818    23.9913     0.0095   5.416784   5.415993       0.80          1  -0.000241     46.002     46.000    36.6231    24.8791    23.9720    1534.46    1534.47      0.385         64 0.0000e+00
       3882 205.362577    161.691     47.352    23.8347    23.8393     0.0047   5.403990   5.402810       0.77          1  -0.000963     46.999     47.000    36.6465    24.9407    23.8247    1534.14    1534.13      0.404         59 0.0000e+00
       3940 205.362606    164.134     48.360    23.7368    23.7472     0.0104   5.395431   5.394867       8.72          1  -0.000318     48.001     48.000    36.6616    24.9812    23.7266    1533.93    1533.94      0.353         70 0.0000e+00
       4020 205.362644    167.438     49.368    23.5616    23.5859     0.0243   5.377336   5.378278       0.67          1   0.001315     49.000     49.000    36.6675    25.0375    23.5513    1533.51    1533.56      0.299         80 0.0000e+00
       4585 205.362916    190.985     50.375    23.4333    23.4425     0.0092   5.362998   5.362292       3.43          1  -0.000712     50.000     50.000    36.6634    25.0723    23.4228    1533.20    1533.21     -0.007        957 0.0000e+00
