test_data/proc/CTD02.cnv
* Sea-Bird SBE 9 Data File:
* FileName = D:\ctd\raw\CTD02.hdr
* Software Version Seasave V 7.27.0.46
* Temperature SN = 4695
* Conductivity SN = 0618
* Number of Bytes Per Scan = 40
* Number of Voltage Words = 5
* Number of Scans Averaged by the Deck Unit = 1
* NMEA Latitude = 36 15.00 N
* NMEA Longitude = 066 35.03 W
* NMEA UTC (Time) = Jul 24 2025  08:39:22
* NMEA baud rate = 4800
** Ship: R/V Endeavor
** Cruise: EN734
** Principal Investigators: Bess Ward
** Chief_Scientist: Bess Ward
** Project: Nitrous Oxide Consumption in Surface Waters
** Cruise Start Date: 21 July 2025
** Ports: Narragansett to Narragansett, Rhode Island
** Bottom Depth:
** Operator:  JCH
# nquan = 21                                
# nvalues = 17184                       
# units = specified
# name 0 = scan: Scan Count
# name 1 = timeJ: Julian Days
# name 2 = timeS: Time, Elapsed [seconds]
# name 3 = prDM: Pressure, Digiquartz [db]
# name 4 = t090C: Temperature [ITS-90, deg C]
# name 5 = t190C: Temperature, 2 [ITS-90, deg C]
# name 6 = T2-T190C: Temperature Difference, 2 - 1 [ITS-90, deg C]
# name 7 = c0S/m: Conductivity [S/m]
# name 8 = c1S/m: Conductivity, 2 [S/m]
# name 9 = altM: Altimeter [m]
# name 10 = pumps: Pump Status
# name 11 = C2-C1S/m: Conductivity Difference, 2 - 1 [S/m]
# name 12 = depSM: Depth [salt water, m]
# name 13 = depSM: Depth [salt water, m], lat = 36.25
# name 14 = sal00: Salinity, Practical [PSU]
# name 15 = sigma-é00: Density [sigma-theta, kg/m^3]
# name 16 = potemp090C: Potential Temperature [ITS-90, deg C]
# name 17 = svCM: Sound Velocity [Chen-Millero, m/s]
# name 18 = svCM1: Sound Velocity, 2 [Chen-Millero, m/s]
# name 19 = dz/dtM: Descent Rate [m/s], WS = 2
# name 20 = flag: flag
# span 0 =          1,      17184       
# span 1 = 205.360706, 205.368993       
# span 2 =      0.000,    715.958       
# span 3 =      2.895,     50.678       
# span 4 =    23.4280,    27.5336       
# span 5 =    23.4308,    27.5333       
# span 6 =    -0.2622,     0.5878       
# span 7 =   5.362560,   5.759048       
# span 8 =   5.361011,   5.757635       
# span 9 =       0.00,     100.00       
# span 10 =          1,          1      
# span 11 =  -0.034655,   0.051160      
# span 12 =      2.874,     50.301      
# span 13 =      2.874,     50.300      
# span 14 =    36.2889,    36.6748      
# span 15 =    23.5229,    25.0746      
# span 16 =    23.4175,    27.5324      
# span 17 =    1533.20,    1542.08      
# span 18 =    1533.18,    1542.07      
# span 19 =     -0.759,      0.818      
# span 20 = 0.0000e+00, 0.0000e+00      
# interval = seconds: 0.0416667
# start_time = Jul 24 2025 08:39:25 [System UTC, header]
# bad_flag = -9.990e-29
*END*
[from data line 3311]
       3312 205.362303    137.958     36.023    25.1206    25.1210     0.0003   5.522359   5.520887       1.39          1  -0.001432     35.756     35.756    36.4936    24.4360    25.1127    1536.91    1536.90      0.469 0.0000e+00
       3313 205.362303    138.000     36.092    25.1208    25.1211     0.0003   5.522402   5.520852       1.29          1  -0.001465     35.825     35.824    36.4937    24.4360    25.1129    1536.91    1536.90      0.469 0.0000e+00
       3314 205.362304    138.042     36.092    25.1210    25.1208    -0.0002   5.522411   5.520815       1.27          1  -0.001510     35.825     35.824    36.4936    24.4359    25.1131    1536.91    1536.90      0.471 0.0000e+00
       3315 205.362304    138.083     36.092    25.1208    25.1200    -0.0007   5.522395   5.520822       1.29          1  -0.001530     35.825     35.824    36.4937    24.4360    25.1129    1536.91    1536.90      0.472 0.0000e+00
       3316 205.362305    138.125     36.153    25.1206    25.1193    -0.0013   5.522362   5.520720       1.27          1  -0.001534     35.885     35.885    36.4935    24.4360    25.1127    1536.91    1536.90      0.479 0.0000e+00
       3317 205.362305    138.167     36.187    25.1204    25.1189    -0.0015   5.522329   5.520690       1.27          1  -0.001478     35.919     35.919    36.4935    24.4359    25.1125    1536.91    1536.90      0.483 0.0000e+00
       3318 205.362306    138.208     36.153    25.1197    25.1190    -0.0007   5.522355   5.520732       0.90          1  -0.001648     35.885     35.885    36.4942    24.4367    25.1118    1536.91    1536.90      0.481 0.0000e+00
       3319 205.362306    138.250     36.222    25.1196    25.1188    -0.0008   5.522315   5.520684       0.56          1  -0.001598     35.953     35.953    36.4940    24.4366    25.1117    1536.91    1536.90      0.488 0.0000e+00
       3320 205.362307    138.292     36.222    25.1193    25.1188    -0.0006   5.522269   5.520682       0.51          1  -0.001500     35.953     35.953    36.4939    24.4366    25.1114    1536.91    1536.90      0.490 0.0000e+00
       3321 205.362307    138.333     36.222    25.1192    25.1188    -0.0004   5.522236   5.520750       0.51          1  -0.001549     35.953     35.953    36.4937    24.4365    25.1113    1536.91    1536.90      0.494 0.0000e+00
       3322 205.362308    138.375     36.283    25.1192    25.1189    -0.0002   5.522265   5.520710       0.51          1  -0.001554     36.013     36.014    36.4939    24.4367    25.1113    1536.91    1536.90      0.497 0.0000e+00
       3323 205.362308    138.417     36.222    25.1194    25.1188    -0.0006   5.522254   5.520696       0.51          1  -0.001459     35.953     35.953    36.4937    24.4364    25.1115    1536.91    1536.90      0.501 0.0000e+00
       3324 205.362309    138.458     36.447    25.1188    25.1186    -0.0002   5.522190   5.520631       0.76          1  -0.001479     36.177     36.177    36.4936    24.4366    25.1108    1536.91    1536.90      0.499 0.0000e+00
       3325 205.362309    138.500     36.282    25.1185    25.1177    -0.0007   5.522177   5.520523       0.93          1  -0.001459     36.013     36.013    36.4938    24.4368    25.1106    1536.91    1536.90      0.507 0.0000e+00
       3326 205.362310    138.542     36.352    25.1186    25.1157    -0.0029   5.522177   5.520242       0.98          1  -0.001547     36.082     36.082    36.4937    24.4367    25.1107    1536.91    1536.89      0.504 0.0000e+00
       3327 205.362310    138.583     36.412    25.1177    25.1139    -0.0038   5.522092   5.520061       0.98          1  -0.001576     36.142     36.142    36.4938    24.4370    25.1097    1536.91    1536.89      0.508 0.0000e+00
       3328 205.362310    138.625     36.412    25.1145    25.1123    -0.0022   5.521717   5.519896       0.98          1  -0.001539     36.142     36.142    36.4936    24.4379    25.1065    1536.90    1536.88      0.513 0.0000e+00
       3329 205.362311    138.667     36.352    25.1112    25.1105    -0.0007   5.521420   5.519749       0.98          1  -0.001378     36.082     36.082    36.4941    24.4392    25.1033    1536.89    1536.88      0.518 0.0000e+00
       3330 205.362311    138.708     36.447    25.1089    25.1087    -0.0002   5.521171   5.519548       1.05          1  -0.001307     36.177     36.177    36.4940    24.4399    25.1009    1536.89    1536.88      0.520 0.0000e+00
       3331 205.362312    138.750     36.412    25.1076    25.1074    -0.0002   5.521081   5.519407       1.15          1  -0.001354     36.142     36.142    36.4944    24.4406    25.0996    1536.89    1536.87      0.528 0.0000e+00
       3332 205.362312    138.792     36.473    25.1066    25.1054    -0.0012   5.521016   5.519194       1.17          1  -0.001508     36.202     36.203    36.4947    24.4412    25.0986    1536.89    1536.87      0.533 0.0000e+00
       3333 205.362313    138.833     36.542    25.1057    25.1041    -0.0015   5.520908   5.519138       1.17          1  -0.001513     36.271     36.271    36.4946    24.4414    25.0977    1536.88    1536.87      0.533 0.0000e+00
       3334 205.362313    138.875     36.473    25.1045    25.1034    -0.0011   5.520850   5.519143       1.17          1  -0.001698     36.202     36.203    36.4952    24.4421    25.0965    1536.88    1536.87      0.537 0.0000e+00
       3335 205.362314    138.917     36.542    25.1040    25.1029    -0.0012   5.520848   5.519150       1.20          1  -0.001689     36.271     36.271    36.4955    24.4426    25.0960    1536.88    1536.87      0.540 0.0000e+00
       3336 205.362314    138.958     36.542    25.1034    25.1028    -0.0005   5.520854   5.519259       0.81          1  -0.001689     36.271     36.271    36.4961    24.4432    25.0954    1536.88    1536.87      0.546 0.0000e+00
       3337 205.362315    139.000     36.577    25.1032    25.1029    -0.0003   5.520801   5.519266       0.51          1  -0.001628     36.305     36.306    36.4958    24.4430    25.0952    1536.88    1536.87      0.548 0.0000e+00
       3338 205.362315    139.042     36.602    25.1022    25.1023     0.0001   5.520747   5.519311       0.44          1  -0.001436     36.331     36.331    36.4962    24.4437    25.0942    1536.88    1536.87      0.552 0.0000e+00
       3339 205.362316    139.083     36.672    25.1005    25.1019     0.0014   5.520558   5.519218       0.46          1  -0.001288     36.400     36.400    36.4962    24.4441    25.0925    1536.88    1536.87      0.555 0.0000e+00
       3340 205.362316    139.125     36.672    25.0992    25.1011     0.0018   5.520439   5.519116       0.49          1  -0.001098     36.400     36.400    36.4963    24.4447    25.0912    1536.87    1536.87      0.554 0.0000e+00
       3341 205.362317    139.167     36.672    25.0979    25.1005     0.0026   5.520361   5.519027       0.49          1  -0.001173     36.400     36.400    36.4968    24.4454    25.0899    1536.87    1536.86      0.557 0.0000e+00
       3342 205.362317    139.208     36.732    25.0974    25.0996     0.0022   5.520309   5.518941       0.71          1  -0.001205     36.460     36.460    36.4968    24.4456    25.0894    1536.87    1536.86      0.564 0.0000e+00
       3343 205.362318    139.250     36.767    25.0968    25.0986     0.0017   5.520340   5.518823       0.90          1  -0.001327     36.494     36.494    36.4975    24.4463    25.0888    1536.87    1536.86      0.561 0.0000e+00
       3344 205.362318    139.292     36.732    25.0963    25.0978     0.0014   5.520321   5.518778       0.90          1  -0.001391     36.460     36.460    36.4978    24.4466    25.0883    1536.87    1536.86      0.564 0.0000e+00
       3345 205.362319    139.333     36.801    25.0958    25.0969     0.0011   5.520286   5.518727       0.93          1  -0.001485     36.528     36.528    36.4979    24.4469    25.0878    1536.87    1536.86      0.567 0.0000e+00
       3346 205.362319    139.375     36.862    25.0957    25.0969     0.0012   5.520191   5.518751       0.93          1  -0.001405     36.589     36.589    36.4972    24.4464    25.0876    1536.87    1536.86      0.568 0.0000e+00
       3347 205.362320    139.417     36.732    25.0938    25.0963     0.0026   5.520070   5.518734       0.90          1  -0.001349     36.460     36.460    36.4979    24.4475    25.0858    1536.86    1536.86      0.570 0.0000e+00
       3348 205.362320    139.458     36.931    25.0907    25.0956     0.0049   5.519540   5.518690       0.76          1  -0.000775     36.657     36.657    36.4964    24.4473    25.0826    1536.86    1536.86      0.570 0.0000e+00
       3349 205.362321    139.500     36.801    25.0820    25.0951     0.0131   5.518734   5.518650       0.63          1  -0.000033     36.528     36.528    36.4975    24.4508    25.0740    1536.84    1536.85      0.576 0.0000e+00
       3350 205.362321    139.542     36.897    25.0754    25.0930     0.0177   5.517987   5.518264       0.61          1   0.000648     36.623     36.623    36.4972    24.4526    25.0673    1536.82    1536.85      0.574 0.0000e+00
       3351 205.362322    139.583     36.931    25.0695    25.0876     0.0181   5.517273   5.517502       0.61          1   0.001308     36.657     36.657    36.4966    24.4540    25.0614    1536.81    1536.84      0.575 0.0000e+00
       3352 205.362322    139.625     36.992    25.0606    25.0792     0.0186   5.516274   5.516571       0.61          1   0.001788     36.717     36.718    36.4963    24.4565    25.0525    1536.79    1536.82      0.579 0.0000e+00
       3353 205.362323    139.667     36.931    25.0411    25.0715     0.0304   5.514497   5.515773       0.63          1   0.002677     36.657     36.657    36.4989    24.4644    25.0330    1536.74    1536.80      0.584 0.0000e+00
       3354 205.362323    139.708     36.992    25.0149    25.0621     0.0472   5.512173   5.514787       0.66          1   0.003991     36.717     36.718    36.5027    24.4753    25.0068    1536.68    1536.78      0.582 0.0000e+00
       3355 205.362323    139.750     37.061    24.9970    25.0489     0.0519   5.510320   5.513128       0.71          1   0.005066     36.786     36.786    36.5033    24.4813    24.9889    1536.64    1536.74      0.583 0.0000e+00
       3356 205.362324    139.792     37.026    24.9811    25.0295     0.0484   5.508650   5.511016       0.68          1   0.005652     36.752     36.751    36.5037    24.4864    24.9730    1536.60    1536.70      0.583 0.0000e+00
       3357 205.362324    139.833     37.061    24.9654    25.0087     0.0433   5.507228   5.508963       0.68          1   0.005218     36.786     36.786    36.5058    24.4928    24.9573    1536.57    1536.65      0.585 0.0000e+00
       3358 205.362325    139.875     37.121    24.9549    24.9917     0.0368   5.506341   5.507275       0.68          1   0.003943     36.846     36.846    36.5076    24.4974    24.9468    1536.55    1536.61      0.587 0.0000e+00
       3359 205.362325    139.917     37.121    24.9506    24.9772     0.0266   5.505708   5.505950       0.71          1   0.002621     36.846     36.846    36.5064    24.4978    24.9425    1536.54    1536.58      0.586 0.0000e+00
       3360 205.362326    139.958     37.182    24.9430    24.9638     0.0208   5.504912   5.504784       0.61          1   0.001861     36.906     36.906    36.5066    24.5002    24.9349    1536.52    1536.55      0.585 0.0000e+00
       3361 205.362326    140.000     37.182    24.9333    24.9547     0.0213   5.504168   5.504083       0.56          1   0.001379     36.906     36.906    36.5089    24.5049    24.9252    1536.50    1536.53      0.582 0.0000e+00
       3362 205.362327    140.042     37.217    24.9278    24.9473     0.0194   5.503621   5.503419       0.56          1   0.000810     36.940     36.941    36.5092    24.5069    24.9197    1536.49    1536.51      0.580 0.0000e+00
       3363 205.362327    140.083     37.182    24.9237    24.9395     0.0158   5.503204   5.502759       0.54          1   0.000679     36.906     36.906    36.5094    24.5083    24.9156    1536.48    1536.50      0.578 0.0000e+00
       3364 205.362328    140.125     37.251    24.9204    24.9317     0.0113   5.502835   5.502184       0.56          1   0.000363     36.975     36.975    36.5093    24.5092    24.9123    1536.47    1536.48      0.578 0.0000e+00
       3365 205.362328    140.167     37.312    24.9158    24.9256     0.0098   5.502561   5.501594       0.54          1 -3.320e-07     37.035     37.035    36.5110    24.5119    24.9077    1536.46    1536.47      0.574 0.0000e+00
       3366 205.362329    140.208     37.251    24.9121    24.9204     0.0083   5.502241   5.501199       0.71          1  -0.000217     36.975     36.975    36.5116    24.5135    24.9040    1536.45    1536.46      0.576 0.0000e+00
       3367 205.362329    140.250     37.312    24.9071    24.9159     0.0088   5.501879   5.500875       0.83          1  -0.000457     37.035     37.035    36.5129    24.5160    24.8990    1536.44    1536.45      0.575 0.0000e+00
       3368 205.362330    140.292     37.346    24.9038    24.9110     0.0072   5.501695   5.500522       0.88          1  -0.000593     37.069     37.069    36.5142    24.5180    24.8957    1536.44    1536.44      0.575 0.0000e+00
       3369 205.362330    140.333     37.381    24.9029    24.9081     0.0052   5.501579   5.500227       0.85          1  -0.000790     37.104     37.104    36.5141    24.5182    24.8948    1536.43    1536.43      0.572 0.0000e+00
       3370 205.362331    140.375     37.381    24.9038    24.9049     0.0011   5.501494   5.499991       0.85          1  -0.001049     37.104     37.104    36.5127    24.5168    24.8957    1536.43    1536.42      0.570 0.0000e+00
       3371 205.362331    140.417     37.441    24.9022    24.9025     0.0003   5.501294   5.499831       0.85          1  -0.001120     37.164     37.163    36.5125    24.5172    24.8941    1536.43    1536.42      0.570 0.0000e+00
       3372 205.362332    140.458     37.381    24.8998    24.9007     0.0009   5.501178   5.499633       0.85          1  -0.001225     37.104     37.104    36.5136    24.5187    24.8917    1536.43    1536.41      0.566 0.0000e+00
       3373 205.362332    140.500     37.441    24.8990    24.8989    -0.0001   5.500915   5.499481       0.85          1  -0.001096     37.164     37.163    36.5122    24.5180    24.8909    1536.42    1536.41      0.568 0.0000e+00
       3374 205.362333    140.542     37.476    24.8951    24.8958     0.0007   5.500704   5.499107       0.85          1  -0.001111     37.198     37.198    36.5138    24.5203    24.8870    1536.42    1536.40      0.564 0.0000e+00
       3375 205.362333    140.583     37.511    24.8929    24.8918    -0.0010   5.500543   5.498718       0.83          1  -0.001081     37.232     37.233    36.5144    24.5214    24.8848    1536.41    1536.40      0.562 0.0000e+00
       3376 205.362334    140.625     37.571    24.8915    24.8890    -0.0025   5.500385   5.498527       0.85          1  -0.001372     37.292     37.292    36.5143    24.5218    24.8833    1536.41    1536.39      0.558 0.0000e+00
       3377 205.362334    140.667     37.571    24.8912    24.8878    -0.0034   5.500259   5.498433       0.83          1  -0.001602     37.292     37.292    36.5136    24.5214    24.8830    1536.41    1536.39      0.560 0.0000e+00
       3378 205.362335    140.708     37.571    24.8897    24.8865    -0.0032   5.500141   5.498311       1.10          1  -0.001613     37.292     37.292    36.5139    24.5221    24.8815    1536.40    1536.39      0.556 0.0000e+00
       3379 205.362335    140.750     37.640    24.8884    24.8844    -0.0040   5.500082   5.498071       1.37          1  -0.001637     37.361     37.361    36.5145    24.5229    24.8802    1536.40    1536.38      0.554 0.0000e+00
