test_data/proc/CTD03.ros
* Sea-Bird SBE 9 Data File:
* FileName = D:\ctd\raw\CTD03.hdr
* Software Version Seasave V 7.27.0.46
* Temperature SN = 4695
* Conductivity SN = 0618
* Number of Bytes Per Scan = 40
* Number of Voltage Words = 5
* Number of Scans Averaged by the Deck Unit = 1
* NMEA Latitude = 36 15.03 N
* NMEA Longitude = 066 35.01 W
* NMEA UTC (Time) = Jul 24 2025  09:45:19
* NMEA baud rate = 4800
** Ship: R/V Endeavor
** Cruise: EN734
** Principal Investigators: Bess Ward
** Chief_Scientist: Bess Ward
** Project: Nitrous Oxide Consumption in Surface Waters
** Cruise Start Date: 21 July 2025
** Ports: Narragansett to Narragansett, Rhode Island
** Bottom Depth:
** Operator:
# nquan = 15
# nvalues = 588                                   
# units = specified
# name 0 = scan: Scan Count
# name 1 = timeJ: Julian Days
# name 2 = timeS: Time, Elapsed [seconds]
# name 3 = prDM: Pressure, Digiquartz [db]
# name 4 = t090C: Temperature [ITS-90, deg C]
# name 5 = t190C: Temperature, 2 [ITS-90, deg C]
# name 6 = T2-T190C: Temperature Difference, 2 - 1 [ITS-90, deg C]
# name 7 = c0S/m: Conductivity [S/m]
# name 8 = c1S/m: Conductivity, 2 [S/m]
# name 9 = altM: Altimeter [m]
# name 10 = pumps: Pump Status
# name 11 = C2-C1S/m: Conductivity Difference, 2 - 1 [S/m]
# name 12 = depSM: Depth [salt water, m]
# name 13 = nbf: Bottles Fired
# name 14 = flag:  0.000e+00
# interval = seconds: 0.0416667
# start_time = Jul 24 2025 09:45:22 [System UTC, header]
# bad_flag = -9.990e-29
*END*
[from data line 386]
     150981 205.479315   6290.833    149.714    19.4513    19.4487    -0.0026   4.946947   4.945024       1.20          1  -0.001923    148.563          8  0.000e+00
     150982 205.479316   6290.875    149.714    19.4517    19.4485    -0.0032   4.946955   4.945031       1.20          1  -0.001924    148.563          8  0.000e+00
     150983 205.479316   6290.917    149.584    19.4513    19.4487    -0.0026   4.946994   4.945031       1.17          1  -0.001963    148.434          8  0.000e+00
     150984 205.479317   6290.958    149.931    19.4513    19.4489    -0.0024   4.946924   4.945109       1.15          1  -0.001815    148.778          8  0.000e+00
     150985 205.479317   6291.000    149.844    19.4513    19.4492    -0.0021   4.946936   4.945031       0.71          1  -0.001905    148.692          8  0.000e+00
     150986 205.479318   6291.042    149.775    19.4511    19.4497    -0.0014   4.946939   4.945116       0.42          1  -0.001823    148.623          8  0.000e+00
     161084 205.484187   6711.792    100.377    20.4239    20.4266     0.0027   5.054992   5.053543       0.66          1  -0.001448     99.617          9  0.000e+00
     161085 205.484188   6711.833    100.317    20.4240    20.4267     0.0027   5.054976   5.053601       0.66          1  -0.001375     99.557          9  0.000e+00
     161086 205.484188   6711.875    100.386    20.4239    20.4266     0.0027   5.055031   5.053644       0.66          1  -0.001387     99.626          9  0.000e+00
     161087 205.484189   6711.917    100.187    20.4238    20.4269     0.0031   5.054992   5.053644       0.66          1  -0.001348     99.428          9  0.000e+00
     161088 205.484189   6711.958    100.438    20.4238    20.4269     0.0031   5.054976   5.053709       0.66          1  -0.001267     99.678          9  0.000e+00
     161089 205.484190   6712.000    100.317    20.4240    20.4269     0.0029   5.055031   5.053680       0.76          1  -0.001351     99.557          9  0.000e+00
     161090 205.484190   6712.042    100.386    20.4242    20.4269     0.0027   5.055051   5.053723       0.81          1  -0.001328     99.626          9  0.000e+00
     161091 205.484191   6712.083    100.308    20.4242    20.4271     0.0028   5.055051   5.053723       0.81          1  -0.001328     99.549          9  0.000e+00
     161092 205.484191   6712.125    100.256    20.4244    20.4271     0.0027   5.055051   5.053708       0.81          1  -0.001342     99.497          9  0.000e+00
     161093 205.484192   6712.167    100.317    20.4242    20.4273     0.0031   5.055051   5.053680       0.81          1  -0.001371     99.557          9  0.000e+00
     161094 205.484192   6712.208    100.317    20.4242    20.4276     0.0034   5.055019   5.053766       0.81          1  -0.001253     99.557          9  0.000e+00
     161095 205.484193   6712.250    100.247    20.4244    20.4277     0.0033   5.055047   5.053766       0.63          1  -0.001281     99.488          9  0.000e+00
     161096 205.484193   6712.292    100.317    20.4242    20.4276     0.0034   5.055051   5.053766       0.51          1  -0.001285     99.557          9  0.000e+00
     161097 205.484194   6712.333    100.256    20.4245    20.4276     0.0031   5.055019   5.053838       0.51          1  -0.001181     99.497          9  0.000e+00
     161098 205.484194   6712.375    100.308    20.4245    20.4278     0.0033   5.055070   5.053809       0.51          1  -0.001261     99.549          9  0.000e+00
     161099 205.484195   6712.417    100.256    20.4248    20.4276     0.0029   5.055058   5.053895       0.51          1  -0.001163     99.497          9  0.000e+00
     161100 205.484195   6712.458    100.187    20.4251    20.4276     0.0025   5.055078   5.053852       0.51          1  -0.001226     99.428          9  0.000e+00
     161101 205.484196   6712.500    100.256    20.4251    20.4278     0.0027   5.055113   5.053795       0.68          1  -0.001319     99.497          9  0.000e+00
     161102 205.484196   6712.542    100.247    20.4249    20.4281     0.0033   5.055098   5.053766       0.81          1  -0.001332     99.488          9  0.000e+00
     161103 205.484197   6712.583    100.187    20.4253    20.4283     0.0031   5.055090   5.053809       0.83          1  -0.001281     99.428          9  0.000e+00
     161104 205.484197   6712.625    100.187    20.4256    20.4285     0.0029   5.055145   5.053895       0.83          1  -0.001250     99.428          9  0.000e+00
     161105 205.484198   6712.667    100.178    20.4256    20.4287     0.0031   5.055192   5.053938       0.85          1  -0.001254     99.420          9  0.000e+00
     161106 205.484198   6712.708    100.187    20.4262    20.4287     0.0025   5.055286   5.053924       0.85          1  -0.001363     99.428          9  0.000e+00
     161107 205.484198   6712.750    100.187    20.4270    20.4282     0.0012   5.055322   5.053895       1.00          1  -0.001427     99.428          9  0.000e+00
     161108 205.484199   6712.792    100.126    20.4275    20.4281     0.0006   5.055404   5.053895       1.15          1  -0.001509     99.368          9  0.000e+00
     161109 205.484199   6712.833    100.178    20.4275    20.4281     0.0006   5.055373   5.053852       1.17          1  -0.001521     99.420          9  0.000e+00
     161110 205.484200   6712.875    100.126    20.4277    20.4282     0.0005   5.055381   5.053881       1.17          1  -0.001500     99.368          9  0.000e+00
     161111 205.484200   6712.917    100.126    20.4283    20.4285     0.0002   5.055451   5.053852       1.15          1  -0.001599     99.368          9  0.000e+00
     161112 205.484201   6712.958    100.048    20.4284    20.4285     0.0001   5.055471   5.053852       1.15          1  -0.001619     99.291          9  0.000e+00
     161113 205.484201   6713.000    100.126    20.4284    20.4284    -0.0001   5.055471   5.053852       1.10          1  -0.001619     99.368          9  0.000e+00
     161114 205.484202   6713.042    100.126    20.4284    20.4287     0.0003   5.055495   5.053924       1.03          1  -0.001571     99.368          9  0.000e+00
     161115 205.484202   6713.083    100.057    20.4284    20.4288     0.0004   5.055534   5.053895       1.03          1  -0.001639     99.299          9  0.000e+00
     161116 205.484203   6713.125    100.048    20.4289    20.4292     0.0003   5.055601   5.053981       1.05          1  -0.001620     99.291          9  0.000e+00
     161117 205.484203   6713.167    100.057    20.4298    20.4292    -0.0006   5.055648   5.053981       1.03          1  -0.001667     99.299          9  0.000e+00
     161118 205.484204   6713.208    100.057    20.4304    20.4299    -0.0005   5.055750   5.054024       1.05          1  -0.001726     99.299          9  0.000e+00
     161119 205.484204   6713.250     99.987    20.4303    20.4301    -0.0003   5.055746   5.054010       0.95          1  -0.001736     99.231          9  0.000e+00
     161120 205.484205   6713.292    100.057    20.4302    20.4306     0.0004   5.055734   5.054103       0.88          1  -0.001631     99.299          9  0.000e+00
     161121 205.484205   6713.333     99.996    20.4298    20.4308     0.0010   5.055675   5.054103       0.85          1  -0.001572     99.239          9  0.000e+00
     161122 205.484206   6713.375     99.996    20.4297    20.4308     0.0011   5.055660   5.054146       0.85          1  -0.001513     99.239          9  0.000e+00
     161123 205.484206   6713.417     99.987    20.4296    20.4309     0.0013   5.055660   5.054233       0.85          1  -0.001427     99.230          9  0.000e+00
     161124 205.484207   6713.458     99.927    20.4298    20.4311     0.0014   5.055628   5.054132       0.85          1  -0.001496     99.170          9  0.000e+00
     161125 205.484207   6713.500     99.927    20.4297    20.4310     0.0013   5.055620   5.054146       0.63          1  -0.001474     99.170          9  0.000e+00
     161126 205.484208   6713.542     99.996    20.4298    20.4308     0.0010   5.055703   5.054146       0.46          1  -0.001557     99.239          9  0.000e+00
     161127 205.484208   6713.583     99.918    20.4300    20.4308     0.0008   5.055683   5.054189       0.42          1  -0.001494     99.162          9  0.000e+00
     161128 205.484209   6713.625     99.996    20.4293    20.4308     0.0015   5.055605   5.054132       0.44          1  -0.001473     99.239          9  0.000e+00
     161129 205.484209   6713.667     99.866    20.4288    20.4308     0.0020   5.055668   5.054103       0.44          1  -0.001564     99.110          9  0.000e+00
     161130 205.484210   6713.708     99.918    20.4301    20.4311     0.0010   5.055782   5.054189       0.44          1  -0.001592     99.162          9  0.000e+00
     161131 205.484210   6713.750     99.927    20.4314    20.4317     0.0003   5.055868   5.054146       0.56          1  -0.001722     99.170          9  0.000e+00
     161132 205.484211   6713.792     99.866    20.4320    20.4319    -0.0001   5.055915   5.054232       0.61          1  -0.001683     99.110          9  0.000e+00
     168475 205.487752   7019.750     75.086    21.1801    21.1769    -0.0033   5.125700   5.123817       0.61          1  -0.001882     74.522         10  0.000e+00
     168476 205.487752   7019.792     75.078    21.1798    21.1767    -0.0031   5.125640   5.123817       0.54          1  -0.001823     74.514         10  0.000e+00
     168477 205.487753   7019.833     75.026    21.1791    21.1764    -0.0027   5.125593   5.123658       0.54          1  -0.001934     74.462         10  0.000e+00
     168478 205.487753   7019.875     75.086    21.1792    21.1761    -0.0031   5.125644   5.123687       0.54          1  -0.001957     74.522         10  0.000e+00
     168479 205.487754   7019.917     75.086    21.1800    21.1764    -0.0036   5.125688   5.123745       0.56          1  -0.001943     74.522         10  0.000e+00
     168480 205.487754   7019.958     75.086    21.1805    21.1760    -0.0045   5.125759   5.123687       0.56          1  -0.002072     74.522         10  0.000e+00
     168481 205.487755   7020.000     75.017    21.1810    21.1760    -0.0051   5.125834   5.123687       0.66          1  -0.002147     74.454         10  0.000e+00
     168482 205.487755   7020.042     75.155    21.1828    21.1760    -0.0068   5.126028   5.123745       0.76          1  -0.002283     74.591         10  0.000e+00
     168483 205.487756   7020.083     75.086    21.1849    21.1760    -0.0089   5.126115   5.123687       0.78          1  -0.002428     74.522         10  0.000e+00
     168484 205.487756   7020.125     75.025    21.1856    21.1764    -0.0092   5.126182   5.123687       0.76          1  -0.002495     74.462         10  0.000e+00
     168485 205.487757   7020.167     75.086    21.1842    21.1761    -0.0081   5.126115   5.123745       0.76          1  -0.002370     74.522         10  0.000e+00
     168486 205.487757   7020.208     75.077    21.1840    21.1764    -0.0077   5.126087   5.123644       0.76          1  -0.002443     74.514         10  0.000e+00
     168487 205.487758   7020.250     75.155    21.1847    21.1765    -0.0082   5.126087   5.123731       0.61          1  -0.002357     74.591         10  0.000e+00
     168488 205.487758   7020.292     75.086    21.1842    21.1764    -0.0078   5.126087   5.123702       0.49          1  -0.002386     74.522         10  0.000e+00
     168489 205.487758   7020.333     75.025    21.1828    21.1768    -0.0059   5.126028   5.123687       0.44          1  -0.002341     74.462         10  0.000e+00
     168490 205.487759   7020.375     75.155    21.1824    21.1771    -0.0054   5.125981   5.123774       0.46          1  -0.002207     74.591         10  0.000e+00
     168491 205.487759   7020.417     75.086    21.1824    21.1777    -0.0047   5.126028   5.123832       0.46          1  -0.002196     74.522         10  0.000e+00
     168492 205.487760   7020.458     75.077    21.1826    21.1784    -0.0042   5.126075   5.123861       0.46          1  -0.002215     74.513         10  0.000e+00
     168493 205.487760   7020.500     75.155    21.1819    21.1785    -0.0034   5.125969   5.123962       0.51          1  -0.002007     74.591         10  0.000e+00
     168494 205.487761   7020.542     75.086    21.1808    21.1784    -0.0024   5.125787   5.123991       0.51          1  -0.001796     74.522         10  0.000e+00
     168495 205.487761   7020.583     75.155    21.1785    21.1787     0.0001   5.125593   5.123904       0.54          1  -0.001689     74.591         10  0.000e+00
     168496 205.487762   7020.625     75.086    21.1766    21.1784     0.0018   5.125371   5.123918       0.51          1  -0.001453     74.522         10  0.000e+00
     168497 205.487762   7020.667     75.146    21.1754    21.1779     0.0025   5.125229   5.123947       0.51          1  -0.001281     74.582         10  0.000e+00
     168498 205.487763   7020.708     75.155    21.1753    21.1781     0.0027   5.125344   5.123947       0.51          1  -0.001396     74.591         10  0.000e+00
     168499 205.487763   7020.750     75.086    21.1770    21.1783     0.0013   5.125506   5.123875       0.66          1  -0.001631     74.522         10  0.000e+00
     168500 205.487764   7020.792     75.216    21.1771    21.1783     0.0011   5.125427   5.123947       0.73          1  -0.001479     74.651         10  0.000e+00
     168501 205.487764   7020.833     75.155    21.1761    21.1785     0.0024   5.125363   5.123861       0.76          1  -0.001503     74.591         10  0.000e+00
     168502 205.487765   7020.875     75.146    21.1755    21.1784     0.0029   5.125324   5.123918       0.76          1  -0.001405     74.582         10  0.000e+00
     168503 205.487765   7020.917     75.216    21.1759    21.1783     0.0024   5.125371   5.123991       0.76          1  -0.001381     74.651         10  0.000e+00
     168504 205.487766   7020.958     75.086    21.1761    21.1788     0.0027   5.125363   5.123947       0.76          1  -0.001416     74.522         10  0.000e+00
     168505 205.487766   7021.000     75.216    21.1762    21.1792     0.0029   5.125324   5.123962       0.76          1  -0.001362     74.651         10  0.000e+00
     168506 205.487767   7021.042     75.216    21.1757    21.1799     0.0041   5.125316   5.124027       0.76          1  -0.001289     74.651         10  0.000e+00
     168507 205.487767   7021.083     75.216    21.1766    21.1799     0.0033   5.125371   5.124128       0.76          1  -0.001243     74.651         10  0.000e+00
     168508 205.487768   7021.125     75.207    21.1761    21.1792     0.0031   5.125442   5.124200       0.76          1  -0.001242     74.642         10  0.000e+00
     168509 205.487768   7021.167     75.215    21.1764    21.1784     0.0020   5.125522   5.124114       0.76          1  -0.001408     74.651         10  0.000e+00
     168510 205.487769   7021.208     75.215    21.1782    21.1774    -0.0008   5.125660   5.123919       0.76          1  -0.001742     74.651         10  0.000e+00
     168511 205.487769   7021.250     75.285    21.1771    21.1770    -0.0001   5.125700   5.123774       0.81          1  -0.001926     74.719         10  0.000e+00
     168512 205.487770   7021.292     75.215    21.1771    21.1767    -0.0004   5.125640   5.123774       0.85          1  -0.001866     74.651         10  0.000e+00
     168513 205.487770   7021.333     75.276    21.1761    21.1758    -0.0003   5.125506   5.123659       0.88          1  -0.001847     74.711         10  0.000e+00
     168514 205.487771   7021.375     75.285    21.1743    21.1749     0.0006   5.125383   5.123644       0.85          1  -0.001739     74.719         10  0.000e+00
