test_data/proc/CTD03_avg.cnv
* Sea-Bird SBE 9 Data File:
* FileName = D:\ctd\raw\CTD03.hdr
* Software Version Seasave V 7.27.0.46
* Temperature SN = 4695
* Conductivity SN = 0618
* Number of Bytes Per Scan = 40
* Number of Voltage Words = 5
* Number of Scans Averaged by the Deck Unit = 1
* NMEA Latitude = 36 15.03 N
* NMEA Longitude = 066 35.01 W
* NMEA UTC (Time) = Jul 24 2025  09:45:19
* NMEA baud rate = 4800
** Ship: R/V Endeavor
** Cruise: EN734
** Principal Investigators: Bess Ward
** Chief_Scientist: Bess Ward
** Project: Nitrous Oxide Consumption in Surface Waters
** Cruise Start Date: 21 July 2025
** Ports: Narragansett to Narragansett, Rhode Island
** Bottom Depth:
** Operator:
# nquan = 22
# nvalues = 1921                        
# units = specified
# name 0 = scan: Scan Count
# name 1 = timeJ: Julian Days
# name 2 = timeS: Time, Elapsed [seconds]
# name 3 = prDM: Pressure, Digiquartz [db]
# name 4 = t090C: Temperature [ITS-90, deg C]
# name 5 = t190C: Temperature, 2 [ITS-90, deg C]
# name 6 = T2-T190C: Temperature Difference, 2 - 1 [ITS-90, deg C]
# name 7 = c0S/m: Conductivity [S/m]
# name 8 = c1S/m: Conductivity, 2 [S/m]
# name 9 = altM: Altimeter [m]
# name 10 = pumps: Pump Status
# name 11 = C2-C1S/m: Conductivity Difference, 2 - 1 [S/m]
# name 12 = depSM: Depth [salt water, m]
# name 13 = depSM: Depth [salt water, m], lat = 36.2505
# name 14 = sal00: Salinity, Practical [PSU]
# name 15 = sigma-é00: Density [sigma-theta, kg/m^3]
# name 16 = potemp090C: Potential Temperature [ITS-90, deg C]
# name 17 = svCM: Sound Velocity [Chen-Millero, m/s]
# name 18 = svCM1: Sound Velocity, 2 [Chen-Millero, m/s]
# name 19 = dz/dtM: Descent Rate [m/s], WS = 2
# name 20 = nbin: number of scans per bin
# name 21 = flag: flag
# span 0 =       1976,      51985       
# span 1 = 205.407457, 205.431574       
# span 2 =     82.302,   2166.016       
# span 3 =      8.059,   1951.297       
# span 4 =     4.0416,    27.5183       
# span 5 =     4.0414,    27.5183       
# span 6 =    -0.0068,     0.0433       
# span 7 =   3.342189,   5.757246       
# span 8 =   3.340972,   5.755629       
# span 9 =      -1.58,      44.90       
# span 10 =          1,          1      
# span 11 =  -0.003221,   0.003278      
# span 12 =      8.000,   1928.000      
# span 13 =      8.000,   1928.000      
# span 14 =    34.9828,    36.7672      
# span 15 =    23.5390,    27.7864      
# span 16 =     3.8784,    27.5143      
# span 17 =    1493.48,    1542.05      
# span 18 =    1493.46,    1542.04      
# span 19 =     -0.177,      1.432      
# span 20 =         15,       2520      
# span 21 = 0.0000e+00, 0.0000e+00      
# interval = meters: 1                  
# start_time = Jul 24 2025 09:45:22 [System UTC, header]
# bad_flag = -9.990e-29
*END*
[from data line 1910]
      51327 205.431257   2138.567   1941.130     4.0459     4.0457    -0.0002   3.342245   3.341025       0.70          1  -0.001222   1918.000   1918.000    34.9838    27.7855     3.8834    1498.94    1498.92      0.607         42 0.0000e+00
      51363 205.431274   2140.097   1942.147     4.0463     4.0460    -0.0003   3.342313   3.341099       0.76          1  -0.001217   1919.000   1919.000    34.9837    27.7854     3.8837    1498.96    1498.94      0.824         24 0.0000e+00
      51389 205.431287   2141.179   1943.164     4.0464     4.0462    -0.0003   3.342383   3.341171      24.20          1  -0.001217   1920.000   1920.000    34.9839    27.7856     3.8838    1498.98    1498.96      0.925         26 0.0000e+00
      51416 205.431300   2142.300   1944.180     4.0468     4.0465    -0.0004   3.342468   3.341238       0.62          1  -0.001235   1921.000   1921.000    34.9840    27.7856     3.8841    1499.00    1498.98      0.863         29 0.0000e+00
      51446 205.431314   2143.541   1945.197     4.0485     4.0482    -0.0004   3.342695   3.341484       0.75          1  -0.001232   1922.000   1922.000    34.9844    27.7858     3.8856    1499.02    1499.00      0.841         29 0.0000e+00
      51473 205.431327   2144.668   1946.214     4.0497     4.0494    -0.0003   3.342875   3.341658       0.71          1  -0.001215   1923.000   1923.000    34.9848    27.7860     3.8867    1499.04    1499.03      0.975         25 0.0000e+00
      51497 205.431339   2145.660   1947.230     4.0478     4.0478    -0.0001   3.342732   3.341534       0.80          1  -0.001184   1924.000   1924.000    34.9846    27.7860     3.8847    1499.05    1499.03      0.998         23 0.0000e+00
      51524 205.431352   2146.811   1948.247     4.0440     4.0441     0.0001   3.342391   3.341204       0.81          1  -0.001167   1925.000   1925.000    34.9842    27.7861     3.8809    1499.05    1499.04      0.723         34 0.0000e+00
      51572 205.431375   2148.782   1949.264     4.0416     4.0414    -0.0002   3.342189   3.340972      15.04          1  -0.001218   1926.000   1926.000    34.9838    27.7861     3.8784    1499.06    1499.04      0.473         46 0.0000e+00
      51617 205.431397   2150.665   1950.281     4.0426     4.0423    -0.0002   3.342355   3.341133       1.63          1  -0.001227   1927.000   1927.000    34.9842    27.7863     3.8793    1499.08    1499.06      0.441         54 0.0000e+00
      51985 205.431574   2166.016   1951.297     4.0425     4.0424    -0.0001   3.342398   3.341191       2.60          1  -0.001203   1928.000   1928.000    34.9843    27.7864     3.8791    1499.10    1499.08     -0.177        330 0.0000e+00
