test_data/proc/CTD01_avg.cnv
* Sea-Bird SBE 9 Data File:
* FileName = D:\ctd\raw\CTD01.hdr
* Software Version Seasave V 7.27.0.46
* Temperature SN = 4695
* Conductivity SN = 0618
* Number of Bytes Per Scan = 40
* Number of Voltage Words = 5
* Number of Scans Averaged by the Deck Unit = 1
* NMEA Latitude = 36 40.74 N
* NMEA Longitude = 066 55.59 W
* NMEA UTC (Time) = Jul 23 2025  22:33:38
* NMEA baud rate = 4800
** Ship: R/V Endeavor
** Cruise: EN734
** Principal Investigators: Bess Ward
** Chief_Scientist: Bess Ward
** Project: Nitrous Oxide Consumption in Surface Waters
** Cruise Start Date: 21 July 2025
** Ports: Narragansett to Narragansett, Rhode Island
** Bottom Depth:
** Operator:  JCH
# nquan = 22
# nvalues = 49                          
# units = specified
# name 0 = scan: Scan Count
# name 1 = timeJ: Julian Days
# name 2 = timeS: Time, Elapsed [seconds]
# name 3 = prDM: Pressure, Digiquartz [db]
# name 4 = t090C: Temperature [ITS-90, deg C]
# name 5 = t190C: Temperature, 2 [ITS-90, deg C]
# name 6 = T2-T190C: Temperature Difference, 2 - 1 [ITS-90, deg C]
# name 7 = c0S/m: Conductivity [S/m]
# name 8 = c1S/m: Conductivity, 2 [S/m]
# name 9 = altM: Altimeter [m]
# name 10 = pumps: Pump Status
# name 11 = C2-C1S/m: Conductivity Difference, 2 - 1 [S/m]
# name 12 = depSM: Depth [salt water, m]
# name 13 = depSM: Depth [salt water, m], lat = 36.679
# name 14 = sal00: Salinity, Practical [PSU]
# name 15 = sigma-é00: Density [sigma-theta, kg/m^3]
# name 16 = potemp090C: Potential Temperature [ITS-90, deg C]
# name 17 = svCM: Sound Velocity [Chen-Millero, m/s]
# name 18 = svCM1: Sound Velocity, 2 [Chen-Millero, m/s]
# name 19 = dz/dtM: Descent Rate [m/s], WS = 2
# name 20 = nbin: number of scans per bin
# name 21 = flag: flag
# span 0 =        441,       5472       
# span 1 = 204.940270, 204.942696       
# span 2 =     18.338,    227.940       
# span 3 =      7.052,     55.415       
# span 4 =    22.2165,    27.4761       
# span 5 =    22.2301,    27.4758       
# span 6 =    -0.0099,     0.0416       
# span 7 =   5.241411,   5.770149       
# span 8 =   5.240652,   5.768424       
# span 9 =       0.33,      13.80       
# span 10 =          1,          1      
# span 11 =  -0.002756,   0.007547      
# span 12 =      7.000,     55.000      
# span 13 =      7.000,     55.000      
# span 14 =    36.4352,    36.7343      
# span 15 =    23.6480,    25.4781      
# span 16 =    22.2054,    27.4733      
# span 17 =    1530.26,    1541.89      
# span 18 =    1530.28,    1541.88      
# span 19 =     -0.135,      0.788      
# span 20 =         30,        731      
# span 21 = 0.0000e+00, 0.0000e+00      
# interval = meters: 1                  
# start_time = Jul 23 2025 22:33:41 [System UTC, header]
# bad_flag = -9.990e-29
*END*
        441 204.940270     18.338      7.052    27.4693    27.4689    -0.0004   5.769113   5.767442       1.10          1  -0.001672      7.000      7.000    36.4368    23.6494    27.4677    1541.79    1541.78      0.024        731 0.0000e+00
       1318 204.940693     54.891      8.059    27.4727    27.4721    -0.0007   5.769582   5.767860      13.60          1  -0.001725      8.000      8.000    36.4371    23.6487    27.4708    1541.82    1541.80      0.332         75 0.0000e+00
       1393 204.940729     58.010      9.067    27.4739    27.4733    -0.0006   5.769793   5.768045       8.86          1  -0.001755      9.000      9.000    36.4374    23.6486    27.4717    1541.83    1541.82      0.561         39 0.0000e+00
       1443 204.940753     60.099     10.074    27.4747    27.4741    -0.0007   5.769910   5.768164      10.01          1  -0.001752     10.000     10.000    36.4373    23.6483    27.4724    1541.85    1541.84      0.441         57 0.0000e+00
       1489 204.940775     61.998     11.082    27.4753    27.4755     0.0002   5.770035   5.768386      11.90          1  -0.001656     11.000     11.000    36.4373    23.6482    27.4728    1541.87    1541.86      0.558         41 0.0000e+00
       1552 204.940806     64.614     12.089    27.4761    27.4758    -0.0003   5.770149   5.768424       9.31          1  -0.001712     12.000     12.000    36.4373    23.6480    27.4733    1541.89    1541.88      0.317         68 0.0000e+00
       1602 204.940830     66.718     13.097    27.4640    27.4591    -0.0049   5.768846   5.766574       0.33          1  -0.002085     13.000     13.000    36.4371    23.6519    27.4609    1541.88    1541.86      0.679         36 0.0000e+00
       1637 204.940847     68.187     14.104    27.4494    27.4396    -0.0099   5.767231   5.764418       0.61          1  -0.002756     14.000     14.000    36.4366    23.6563    27.4461    1541.87    1541.83      0.612         39 0.0000e+00
       1693 204.940874     70.486     15.112    27.4317    27.4282    -0.0035   5.765195   5.763122       0.72          1  -0.002070     15.000     15.000    36.4356    23.6614    27.4282    1541.84    1541.82      0.336         80 0.0000e+00
       1766 204.940909     73.546     16.119    27.4385    27.4354    -0.0031   5.766019   5.763999       0.72          1  -0.001889     16.000     16.000    36.4359    23.6595    27.4347    1541.87    1541.85      0.649         38 0.0000e+00
       1792 204.940922     74.622     17.127    27.3965    27.3931    -0.0034   5.761379   5.759341       0.71          1  -0.001896     17.000     17.000    36.4353    23.6727    27.3925    1541.80    1541.77      0.774         30 0.0000e+00
       1848 204.940949     76.979     18.134    27.3710    27.3732     0.0022   5.758630   5.757179      10.39          1  -0.001361     18.000     18.000    36.4352    23.6810    27.3668    1541.76    1541.75      0.314         72 0.0000e+00
       1896 204.940972     78.978     19.142    27.3308    27.3315     0.0007   5.754469   5.752864       3.77          1  -0.001487     19.000     19.000    36.4366    23.6951    27.3264    1541.68    1541.67      0.712         32 0.0000e+00
       1942 204.940994     80.888     20.149    27.3165    27.3163    -0.0001   5.753074   5.751390       1.07          1  -0.001649     20.000     20.000    36.4376    23.7006    27.3118    1541.67    1541.65      0.418         65 0.0000e+00
       1999 204.941021     83.254     21.157    27.3067    27.3067     0.0000   5.752247   5.750570       0.72          1  -0.001640     21.000     21.000    36.4389    23.7048    27.3018    1541.67    1541.65      0.556         40 0.0000e+00
       2048 204.941045     85.305     22.165    27.2778    27.2802     0.0024   5.749428   5.747958      11.81          1  -0.001266     22.000     22.000    36.4411    23.7158    27.2727    1541.62    1541.61      0.426         62 0.0000e+00
       2098 204.941069     87.366     23.172    26.6322    26.6738     0.0416   5.685798   5.687570       0.44          1   0.007547     23.000     23.000    36.4906    23.9598    26.6269    1540.22    1540.30      0.700         31 0.0000e+00
       2136 204.941088     88.977     24.180    25.8300    25.8407     0.0107   5.608187   5.607407       0.76          1   0.000868     24.000     24.000    36.5622    24.2672    25.8246    1538.46    1538.47      0.468         55 0.0000e+00
       2202 204.941119     91.712     25.187    25.6879    25.6873    -0.0006   5.593975   5.592337       0.67          1  -0.001474     25.000     25.000    36.5712    24.3186    25.6823    1538.16    1538.14      0.490         50 0.0000e+00
       2240 204.941138     93.295     26.195    25.5636    25.5722     0.0086   5.581742   5.580808       0.87          1   0.000047     26.000     26.000    36.5805    24.3643    25.5578    1537.89    1537.90      0.555         42 0.0000e+00
       2290 204.941162     95.367     27.202    25.0608    25.0785     0.0177   5.531797   5.531779      13.80          1   0.002344     27.000     27.000    36.6152    24.5456    25.0549    1536.75    1536.78      0.487         44 0.0000e+00
       2329 204.941180     96.981     28.210    24.7175    24.7213     0.0038   5.497446   5.496048       0.74          1  -0.000609     28.000     28.000    36.6368    24.6669    24.7114    1535.97    1535.96      0.670         37 0.0000e+00
       2373 204.941202     98.851     29.217    24.5550    24.5577     0.0027   5.481064   5.479584       0.69          1  -0.000782     29.000     29.000    36.6458    24.7231    24.5487    1535.60    1535.59      0.444         56 0.0000e+00
       2424 204.941226    100.961     30.225    24.3776    24.3802     0.0026   5.461831   5.460286       0.74          1  -0.000975     30.000     30.000    36.6455    24.7764    24.3712    1535.18    1535.17      0.666         35 0.0000e+00
       2464 204.941246    102.634     31.232    24.3238    24.3249     0.0011   5.457447   5.455793       0.77          1  -0.001484     31.000     31.000    36.6561    24.8008    24.3171    1535.08    1535.07      0.453         58 0.0000e+00
       2521 204.941273    105.016     32.240    24.2452    24.2536     0.0083   5.449956   5.448833       0.71          1  -0.000255     32.000     32.000    36.6634    24.8300    24.2384    1534.91    1534.92      0.638         35 0.0000e+00
       2550 204.941287    106.201     33.248    24.0160    24.0234     0.0074   5.425017   5.423912       0.73          1  -0.000170     33.000     33.000    36.6621    24.8976    24.0090    1534.36    1534.37      0.788         31 0.0000e+00
       2592 204.941307    107.950     34.255    23.9492    23.9510     0.0018   5.417744   5.416080       0.78          1  -0.001376     34.000     34.000    36.6615    24.9171    23.9419    1534.22    1534.21      0.443         57 0.0000e+00
       2651 204.941336    110.432     35.263    23.8419    23.8453     0.0033   5.406318   5.404797       3.29          1  -0.001058     35.000     35.000    36.6624    24.9498    23.8345    1533.97    1533.96      0.550         46 0.0000e+00
       2685 204.941352    111.846     36.270    23.7480    23.7509     0.0029   5.397046   5.395479      10.70          1  -0.001005     36.000     36.000    36.6688    24.9826    23.7403    1533.76    1533.75      0.699         34 0.0000e+00
       2730 204.941374    113.727     37.278    23.6679    23.6687     0.0008   5.387114   5.385358       1.28          1  -0.001526     37.000     37.000    36.6586    24.9987    23.6601    1533.57    1533.55      0.433         58 0.0000e+00
       2784 204.941400    115.961     38.286    23.5355    23.5399     0.0044   5.372010   5.370536       0.70          1  -0.000682     38.000     38.000    36.6520    25.0328    23.5275    1533.25    1533.24      0.626         38 0.0000e+00
       2818 204.941416    117.371     39.293    23.4858    23.4863     0.0005   5.369717   5.367917       0.88          1  -0.001745     39.000     39.000    36.6753    25.0651    23.4776    1533.16    1533.15      0.618         38 0.0000e+00
       2871 204.941442    119.565     40.301    23.4448    23.4447    -0.0001   5.366943   5.365060       0.77          1  -0.001842     40.000     40.000    36.6877    25.0867    23.4364    1533.09    1533.08      0.439         55 0.0000e+00
       2911 204.941461    121.253     41.308    23.4386    23.4390     0.0004   5.366651   5.364817       0.78          1  -0.001787     41.000     41.000    36.6902    25.0905    23.4300    1533.09    1533.08      0.742         32 0.0000e+00
       2948 204.941479    122.783     42.316    23.3765    23.3794     0.0029   5.360452   5.358832       0.76          1  -0.001249     42.000     42.000    36.6937    25.1114    23.3677    1532.96    1532.95      0.515         47 0.0000e+00
       3011 204.941509    125.416     43.324    23.2598    23.2655     0.0056   5.347684   5.346360       0.79          1  -0.000904     43.000     43.000    36.6920    25.1443    23.2509    1532.68    1532.68      0.399         57 0.0000e+00
       3056 204.941531    127.279     44.331    23.1629    23.1639     0.0010   5.338270   5.336434       0.68          1  -0.001727     44.000     44.000    36.6996    25.1785    23.1538    1532.46    1532.45      0.717         36 0.0000e+00
       3085 204.941545    128.508     45.339    23.1241    23.1261     0.0019   5.335491   5.333741       0.52          1  -0.001495     45.000     45.000    36.7101    25.1979    23.1148    1532.39    1532.38      0.749         31 0.0000e+00
       3131 204.941568    130.435     46.346    23.0823    23.0840     0.0017   5.331444   5.329711       0.93          1  -0.001603     46.000     46.000    36.7133    25.2125    23.0728    1532.31    1532.30      0.416         59 0.0000e+00
       3184 204.941593    132.611     47.354    23.0098    23.0121     0.0023   5.323895   5.322205       0.90          1  -0.001356     47.000     47.000    36.7151    25.2350    23.0000    1532.14    1532.13      0.571         43 0.0000e+00
       3227 204.941614    134.423     48.362    22.9380    22.9400     0.0020   5.316757   5.315045       0.67          1  -0.001409     48.000     48.000    36.7194    25.2592    22.9281    1531.98    1531.97      0.520         46 0.0000e+00
       3272 204.941635    136.303     49.369    22.8339    22.8368     0.0030   5.305015   5.303396       0.64          1  -0.001004     49.000     49.000    36.7148    25.2859    22.8238    1531.73    1531.72      0.541         41 0.0000e+00
       3332 204.941664    138.810     50.377    22.7044    22.7027    -0.0017   5.291279   5.289168       0.80          1  -0.001628     50.000     50.000    36.7160    25.3243    22.6941    1531.42    1531.40      0.343         71 0.0000e+00
       3388 204.941691    141.106     51.385    22.4778    22.4831     0.0053   5.267816   5.266373       0.59          1  -0.000721     51.000     51.000    36.7226    25.3944    22.4675    1530.86    1530.86      0.618         39 0.0000e+00
       3435 204.941714    143.075     52.392    22.4117    22.4139     0.0022   5.260970   5.259351       0.76          1  -0.001480     52.000     52.000    36.7243    25.4147    22.4011    1530.71    1530.70      0.347         70 0.0000e+00
       3534 204.941762    147.201     53.400    22.3723    22.3739     0.0016   5.256871   5.255033       0.71          1  -0.001515     53.000     53.000    36.7250    25.4265    22.3615    1530.62    1530.61      0.369         66 0.0000e+00
       3607 204.941797    150.242     54.408    22.2559    22.2561     0.0002   5.245217   5.243290       0.76          1  -0.001794     54.000     54.000    36.7313    25.4645    22.2450    1530.35    1530.33      0.206        125 0.0000e+00
       5472 204.942696    227.940     55.415    22.2165    22.2301     0.0137   5.241411   5.240652       2.29          1  -0.000800     55.000     55.000    36.7343    25.4781    22.2054    1530.26    1530.28     -0.135        709 0.0000e+00
