test_data/proc/CTD03.ros
* Sea-Bird SBE 9 Data File:
* FileName = D:\ctd\raw\CTD03.hdr
* Software Version Seasave V 7.27.0.46
* Temperature SN = 4695
* Conductivity SN = 0618
* Number of Bytes Per Scan = 40
* Number of Voltage Words = 5
* Number of Scans Averaged by the Deck Unit = 1
* NMEA Latitude = 36 15.03 N
* NMEA Longitude = 066 35.01 W
* NMEA UTC (Time) = Jul 24 2025  09:45:19
* NMEA baud rate = 4800
** Ship: R/V Endeavor
** Cruise: EN734
** Principal Investigators: Bess Ward
** Chief_Scientist: Bess Ward
** Project: Nitrous Oxide Consumption in Surface Waters
** Cruise Start Date: 21 July 2025
** Ports: Narragansett to Narragansett, Rhode Island
** Bottom Depth:
** Operator:
# nquan = 15
# nvalues = 588                                   
# units = specified
# name 0 = scan: Scan Count
# name 1 = timeJ: Julian Days
# name 2 = timeS: Time, Elapsed [seconds]
# name 3 = prDM: Pressure, Digiquartz [db]
# name 4 = t090C: Temperature [ITS-90, deg C]
# name 5 = t190C: Temperature, 2 [ITS-90, deg C]
# name 6 = T2-T190C: Temperature Difference, 2 - 1 [ITS-90, deg C]
# name 7 = c0S/m: Conductivity [S/m]
# name 8 = c1S/m: Conductivity, 2 [S/m]
# name 9 = altM: Altimeter [m]
# name 10 = pumps: Pump Status
# name 11 = C2-C1S/m: Conductivity Difference, 2 - 1 [S/m]
# name 12 = depSM: Depth [salt water, m]
# name 13 = nbf: Bottles Fired
# name 14 = flag:  0.000e+00
# interval = seconds: 0.0416667
# start_time = Jul 24 2025 09:45:22 [System UTC, header]
# bad_flag = -9.990e-29
*END*
      58858 205.434889   2452.375   1949.995     4.0442     4.0441    -0.0001   3.342456   3.341208       0.61          1  -0.001248   1926.719          1  0.000e+00
      58859 205.434889   2452.417   1950.120     4.0444     4.0440    -0.0004   3.342427   3.341196       0.61          1  -0.001231   1926.842          1  0.000e+00
      58860 205.434890   2452.458   1950.129     4.0442     4.0441    -0.0001   3.342423   3.341208       0.66          1  -0.001215   1926.851          1  0.000e+00
      58861 205.434890   2452.500   1950.120     4.0445     4.0441    -0.0004   3.342479   3.341239       0.73          1  -0.001240   1926.842          1  0.000e+00
      58862 205.434891   2452.542   1950.129     4.0442     4.0442    -0.0001   3.342440   3.341208       0.73          1  -0.001231   1926.851          1  0.000e+00
      58863 205.434891   2452.583   1950.200     4.0444     4.0441    -0.0003   3.342443   3.341196       0.73          1  -0.001247   1926.921          1  0.000e+00
      58864 205.434891   2452.625   1950.120     4.0441     4.0441 2.7645e-07   3.342446   3.341208       0.73          1  -0.001238   1926.842          1  0.000e+00
      58865 205.434892   2452.667   1950.129     4.0442     4.0441    -0.0001   3.342427   3.341208       0.76          1  -0.001218   1926.851          1  0.000e+00
      58866 205.434892   2452.708   1950.263     4.0445     4.0442    -0.0004   3.342443   3.341196       0.76          1  -0.001247   1926.982          1  0.000e+00
      58867 205.434893   2452.750   1950.120     4.0442     4.0443     0.0000   3.342446   3.341269       0.81          1  -0.001177   1926.842          1  0.000e+00
      58868 205.434893   2452.792   1950.263     4.0445     4.0444    -0.0001   3.342449   3.341208       0.81          1  -0.001241   1926.982          1  0.000e+00
      58869 205.434894   2452.833   1950.254     4.0444     4.0441    -0.0003   3.342466   3.341208       0.81          1  -0.001257   1926.974          1  0.000e+00
      58870 205.434894   2452.875   1950.263     4.0444     4.0443    -0.0001   3.342453   3.341257       0.81          1  -0.001196   1926.982          1  0.000e+00
      58871 205.434895   2452.917   1950.334     4.0445     4.0442    -0.0004   3.342449   3.341239       0.81          1  -0.001211   1927.053          1  0.000e+00
      58872 205.434895   2452.958   1950.254     4.0444     4.0443    -0.0001   3.342466   3.341208       0.71          1  -0.001257   1926.974          1  0.000e+00
      58873 205.434896   2453.000   1950.334     4.0445     4.0443    -0.0003   3.342472   3.341227       0.51          1  -0.001246   1927.053          1  0.000e+00
      58874 205.434896   2453.042   1950.334     4.0445     4.0443    -0.0003   3.342456   3.341269       0.46          1  -0.001187   1927.053          1  0.000e+00
      58875 205.434897   2453.083   1950.325     4.0443     4.0441    -0.0002   3.342466   3.341239       0.46          1  -0.001227   1927.044          1  0.000e+00
      58876 205.434897   2453.125   1950.397     4.0445     4.0440    -0.0005   3.342456   3.341239       0.49          1  -0.001217   1927.114          1  0.000e+00
      58877 205.434898   2453.167   1950.397     4.0444     4.0441    -0.0003   3.342485   3.341227       0.49          1  -0.001259   1927.114          1  0.000e+00
      58878 205.434898   2453.208   1950.397     4.0445     4.0441    -0.0004   3.342459   3.341239       0.51          1  -0.001220   1927.114          1  0.000e+00
      58879 205.434899   2453.250   1950.397     4.0444     4.0441    -0.0003   3.342449   3.341269       0.59          1  -0.001180   1927.114          1  0.000e+00
      58880 205.434899   2453.292   1950.459     4.0445     4.0442    -0.0004   3.342485   3.341196       0.59          1  -0.001289   1927.176          1  0.000e+00
      58881 205.434900   2453.333   1950.468     4.0444     4.0441    -0.0003   3.342462   3.341239       0.61          1  -0.001224   1927.184          1  0.000e+00
      58882 205.434900   2453.375   1950.539     4.0444     4.0443    -0.0001   3.342485   3.341239       0.59          1  -0.001246   1927.255          1  0.000e+00
      58883 205.434901   2453.417   1950.459     4.0445     4.0443    -0.0003   3.342479   3.341269       0.59          1  -0.001210   1927.176          1  0.000e+00
      58884 205.434901   2453.458   1950.540     4.0444     4.0441    -0.0003   3.342456   3.341257       0.59          1  -0.001199   1927.255          1  0.000e+00
      58885 205.434902   2453.500   1950.593     4.0446     4.0442    -0.0005   3.342485   3.341269       0.59          1  -0.001216   1927.307          1  0.000e+00
      58886 205.434902   2453.542   1950.540     4.0445     4.0443    -0.0003   3.342498   3.341239       0.59          1  -0.001259   1927.255          1  0.000e+00
      58887 205.434903   2453.583   1950.540     4.0445     4.0443    -0.0003   3.342501   3.341227       0.59          1  -0.001275   1927.255          1  0.000e+00
      58888 205.434903   2453.625   1950.593     4.0445     4.0443    -0.0003   3.342459   3.341269       0.59          1  -0.001190   1927.307          1  0.000e+00
      58889 205.434904   2453.667   1950.673     4.0445     4.0443    -0.0003   3.342469   3.341269       0.59          1  -0.001200   1927.386          1  0.000e+00
      58890 205.434904   2453.708   1950.602     4.0445     4.0442    -0.0004   3.342492   3.341239       0.54          1  -0.001253   1927.316          1  0.000e+00
      58891 205.434905   2453.750   1950.665     4.0444     4.0443    -0.0001   3.342459   3.341257       0.49          1  -0.001202   1927.378          1  0.000e+00
      58892 205.434905   2453.792   1950.674     4.0445     4.0441    -0.0004   3.342489   3.341239       0.49          1  -0.001250   1927.386          1  0.000e+00
      58893 205.434905   2453.833   1950.674     4.0445     4.0441    -0.0004   3.342479   3.341300       0.49          1  -0.001179   1927.387          1  0.000e+00
      58894 205.434906   2453.875   1950.736     4.0444     4.0440    -0.0004   3.342476   3.341287       0.49          1  -0.001188   1927.448          1  0.000e+00
      58895 205.434906   2453.917   1950.745     4.0445     4.0441    -0.0004   3.342472   3.341208       0.49          1  -0.001264   1927.457          1  0.000e+00
      58896 205.434907   2453.958   1950.736     4.0439     4.0440     0.0001   3.342472   3.341239       0.85          1  -0.001233   1927.448          1  0.000e+00
      58897 205.434907   2454.000   1950.745     4.0442     4.0443     0.0000   3.342476   3.341227       1.54          1  -0.001249   1927.457          1  0.000e+00
      58898 205.434908   2454.042   1950.807     4.0439     4.0440     0.0001   3.342492   3.341239       1.76          1  -0.001253   1927.518          1  0.000e+00
      58899 205.434908   2454.083   1950.799     4.0440     4.0442     0.0002   3.342459   3.341208       1.73          1  -0.001251   1927.509          1  0.000e+00
      58900 205.434909   2454.125   1950.808     4.0444     4.0441    -0.0003   3.342469   3.341239       1.71          1  -0.001230   1927.518          1  0.000e+00
      58901 205.434909   2454.167   1950.808     4.0444     4.0443    -0.0001   3.342472   3.341257       1.68          1  -0.001215   1927.518          1  0.000e+00
      58902 205.434910   2454.208   1950.799     4.0445     4.0443    -0.0003   3.342495   3.341239       1.34          1  -0.001256   1927.510          1  0.000e+00
      58903 205.434910   2454.250   1950.879     4.0445     4.0441    -0.0004   3.342440   3.341269       0.71          1  -0.001171   1927.588          1  0.000e+00
      58904 205.434911   2454.292   1950.879     4.0445     4.0443    -0.0002   3.342498   3.341227       0.51          1  -0.001272   1927.589          1  0.000e+00
      58905 205.434911   2454.333   1950.870     4.0446     4.0443    -0.0004   3.342489   3.341300       0.51          1  -0.001189   1927.580          1  0.000e+00
      58906 205.434912   2454.375   1950.879     4.0445     4.0443    -0.0003   3.342511   3.341300       0.56          1  -0.001212   1927.589          1  0.000e+00
      78480 205.444351   3269.958   1500.250     4.8228     4.8222    -0.0006   3.399036   3.397827       0.88          1  -0.001209   1483.914          2  0.000e+00
      78481 205.444352   3270.000   1500.312     4.8226     4.8224    -0.0002   3.399040   3.397857       0.68          1  -0.001182   1483.975          2  0.000e+00
      78482 205.444352   3270.042   1500.171     4.8225     4.8220    -0.0004   3.399033   3.397772       0.63          1  -0.001261   1483.835          2  0.000e+00
      78483 205.444353   3270.083   1500.312     4.8225     4.8223    -0.0001   3.399010   3.397796       0.63          1  -0.001214   1483.975          2  0.000e+00
      78484 205.444353   3270.125   1500.180     4.8225     4.8221    -0.0004   3.399023   3.397766       0.63          1  -0.001258   1483.844          2  0.000e+00
      78485 205.444354   3270.167   1500.100     4.8225     4.8220    -0.0004   3.399010   3.397766       0.66          1  -0.001244   1483.766          2  0.000e+00
      78486 205.444354   3270.208   1500.118     4.8223     4.8219    -0.0005   3.399013   3.397729       0.68          1  -0.001284   1483.783          2  0.000e+00
      78487 205.444355   3270.250   1500.171     4.8223     4.8219    -0.0004   3.399007   3.397741       0.76          1  -0.001266   1483.836          2  0.000e+00
      78488 205.444355   3270.292   1500.118     4.8223     4.8217    -0.0006   3.399004   3.397766       0.81          1  -0.001238   1483.783          2  0.000e+00
      78489 205.444356   3270.333   1500.118     4.8223     4.8219    -0.0005   3.399004   3.397766       0.81          1  -0.001238   1483.783          2  0.000e+00
      78490 205.444356   3270.375   1500.029     4.8222     4.8215    -0.0007   3.398974   3.397729       0.78          1  -0.001245   1483.696          2  0.000e+00
      78491 205.444357   3270.417   1500.118     4.8223     4.8216    -0.0007   3.399013   3.397711       0.78          1  -0.001303   1483.784          2  0.000e+00
      78492 205.444357   3270.458   1499.976     4.8220     4.8217    -0.0003   3.399010   3.397729       0.71          1  -0.001281   1483.644          2  0.000e+00
      78493 205.444358   3270.500   1500.100     4.8220     4.8218    -0.0002   3.399004   3.397729       0.49          1  -0.001275   1483.766          2  0.000e+00
      78494 205.444358   3270.542   1499.977     4.8220     4.8214    -0.0006   3.398984   3.397698       0.42          1  -0.001286   1483.644          2  0.000e+00
      78495 205.444359   3270.583   1499.977     4.8218     4.8216    -0.0003   3.398967   3.397698       0.42          1  -0.001269   1483.644          2  0.000e+00
      78496 205.444359   3270.625   1499.968     4.8220     4.8215    -0.0005   3.398974   3.397710       0.42          1  -0.001264   1483.636          2  0.000e+00
      78497 205.444360   3270.667   1499.977     4.8218     4.8216    -0.0003   3.398958   3.397668       0.42          1  -0.001290   1483.644          2  0.000e+00
      78498 205.444360   3270.708   1499.977     4.8218     4.8214    -0.0004   3.398951   3.397729       0.44          1  -0.001222   1483.644          2  0.000e+00
      78499 205.444361   3270.750   1499.968     4.8218     4.8218    -0.0000   3.398931   3.397698       0.49          1  -0.001233   1483.636          2  0.000e+00
      78500 205.444361   3270.792   1499.915     4.8217     4.8214    -0.0003   3.398974   3.397680       0.49          1  -0.001294   1483.583          2  0.000e+00
      78501 205.444361   3270.833   1499.977     4.8217     4.8216    -0.0001   3.398961   3.397729       0.49          1  -0.001232   1483.645          2  0.000e+00
      78502 205.444362   3270.875   1499.897     4.8218     4.8215    -0.0003   3.398971   3.397668       0.49          1  -0.001303   1483.566          2  0.000e+00
      78503 205.444362   3270.917   1499.977     4.8215     4.8216     0.0000   3.398938   3.397698       0.49          1  -0.001240   1483.645          2  0.000e+00
      78504 205.444363   3270.958   1499.782     4.8217     4.8216    -0.0001   3.398905   3.397668       0.63          1  -0.001238   1483.453          2  0.000e+00
      78505 205.444363   3271.000   1500.030     4.8218     4.8215    -0.0003   3.398928   3.397680       1.03          1  -0.001248   1483.697          2  0.000e+00
      78506 205.444364   3271.042   1499.845     4.8218     4.8217    -0.0001   3.398967   3.397637       1.15          1  -0.001330   1483.514          2  0.000e+00
      78507 205.444364   3271.083   1500.030     4.8218     4.8216    -0.0003   3.398938   3.397698       1.15          1  -0.001240   1483.697          2  0.000e+00
      78508 205.444365   3271.125   1499.915     4.8220     4.8218    -0.0002   3.398945   3.397698       1.12          1  -0.001246   1483.584          2  0.000e+00
      78509 205.444365   3271.167   1499.977     4.8218     4.8214    -0.0004   3.398941   3.397680       1.12          1  -0.001261   1483.645          2  0.000e+00
      78510 205.444366   3271.208   1499.898     4.8220     4.8214    -0.0006   3.398967   3.397698       1.00          1  -0.001269   1483.567          2  0.000e+00
      78511 205.444366   3271.250   1499.977     4.8220     4.8215    -0.0005   3.398958   3.397668       0.68          1  -0.001290   1483.645          2  0.000e+00
      78512 205.444367   3271.292   1499.916     4.8222     4.8212    -0.0010   3.398951   3.397698       0.59          1  -0.001253   1483.584          2  0.000e+00
      78513 205.444367   3271.333   1499.969     4.8218     4.8214    -0.0004   3.398951   3.397668       0.59          1  -0.001283   1483.636          2  0.000e+00
      78514 205.444368   3271.375   1499.978     4.8220     4.8215    -0.0005   3.398961   3.397710       0.59          1  -0.001250   1483.645          2  0.000e+00
      78515 205.444368   3271.417   1499.978     4.8218     4.8216    -0.0003   3.398954   3.397698       0.61          1  -0.001256   1483.645          2  0.000e+00
      78516 205.444369   3271.458   1499.969     4.8218     4.8214    -0.0004   3.398971   3.397668       0.54          1  -0.001303   1483.637          2  0.000e+00
      78517 205.444369   3271.500   1500.049     4.8218     4.8217    -0.0002   3.398977   3.397668       0.42          1  -0.001310   1483.715          2  0.000e+00
      78518 205.444370   3271.542   1499.978     4.8218     4.8214    -0.0004   3.398997   3.397680       0.39          1  -0.001317   1483.645          2  0.000e+00
      78519 205.444370   3271.583   1500.031     4.8220     4.8217    -0.0003   3.398994   3.397698       0.39          1  -0.001295   1483.698          2  0.000e+00
      78520 205.444371   3271.625   1500.049     4.8222     4.8217    -0.0005   3.398961   3.397729       0.39          1  -0.001232   1483.715          2  0.000e+00
      78521 205.444371   3271.667   1500.120     4.8218     4.8216    -0.0003   3.398951   3.397668       0.39          1  -0.001283   1483.785          2  0.000e+00
      78522 205.444372   3271.708   1500.031     4.8223     4.8216    -0.0007   3.398971   3.397698       0.39          1  -0.001273   1483.698          2  0.000e+00
      78523 205.444372   3271.750   1500.120     4.8220     4.8215    -0.0005   3.398958   3.397711       0.42          1  -0.001247   1483.785          2  0.000e+00
      78524 205.444373   3271.792   1500.102     4.8220     4.8216    -0.0004   3.398961   3.397668       0.44          1  -0.001293   1483.768          2  0.000e+00
      78525 205.444373   3271.833   1500.120     4.8218     4.8216    -0.0003   3.398974   3.397668       0.44          1  -0.001306   1483.785          2  0.000e+00
      78526 205.444374   3271.875   1500.182     4.8220     4.8215    -0.0005   3.398977   3.397698       0.44          1  -0.001279   1483.846          2  0.000e+00
