test_data/proc/CTD03_avg.cnv
* Sea-Bird SBE 9 Data File:
* FileName = D:\ctd\raw\CTD03.hdr
* Software Version Seasave V 7.27.0.46
* Temperature SN = 4695
* Conductivity SN = 0618
* Number of Bytes Per Scan = 40
* Number of Voltage Words = 5
* Number of Scans Averaged by the Deck Unit = 1
* NMEA Latitude = 36 15.03 N
* NMEA Longitude = 066 35.01 W
* NMEA UTC (Time) = Jul 24 2025  09:45:19
* NMEA baud rate = 4800
** Ship: R/V Endeavor
** Cruise: EN734
** Principal Investigators: Bess Ward
** Chief_Scientist: Bess Ward
** Project: Nitrous Oxide Consumption in Surface Waters
** Cruise Start Date: 21 July 2025
** Ports: Narragansett to Narragansett, Rhode Island
** Bottom Depth:
** Operator:
# nquan = 22
# nvalues = 1921                        
# units = specified
# name 0 = scan: Scan Count
# name 1 = timeJ: Julian Days
# name 2 = timeS: Time, Elapsed [seconds]
# name 3 = prDM: Pressure, Digiquartz [db]
# name 4 = t090C: Temperature [ITS-90, deg C]
# name 5 = t190C: Temperature, 2 [ITS-90, deg C]
# name 6 = T2-T190C: Temperature Difference, 2 - 1 [ITS-90, deg C]
# name 7 = c0S/m: Conductivity [S/m]
# name 8 = c1S/m: Conductivity, 2 [S/m]
# name 9 = altM: Altimeter [m]
# name 10 = pumps: Pump Status
# name 11 = C2-C1S/m: Conductivity Difference, 2 - 1 [S/m]
# name 12 = depSM: Depth [salt water, m]
# name 13 = depSM: Depth [salt water, m], lat = 36.2505
# name 14 = sal00: Salinity, Practical [PSU]
# name 15 = sigma-é00: Density [sigma-theta, kg/m^3]
# name 16 = potemp090C: Potential Temperature [ITS-90, deg C]
# name 17 = svCM: Sound Velocity [Chen-Millero, m/s]
# name 18 = svCM1: Sound Velocity, 2 [Chen-Millero, m/s]
# name 19 = dz/dtM: Descent Rate [m/s], WS = 2
# name 20 = nbin: number of scans per bin
# name 21 = flag: flag
# span 0 =       1976,      51985       
# span 1 = 205.407457, 205.431574       
# span 2 =     82.302,   2166.016       
# span 3 =      8.059,   1951.297       
# span 4 =     4.0416,    27.5183       
# span 5 =     4.0414,    27.5183       
# span 6 =    -0.0068,     0.0433       
# span 7 =   3.342189,   5.757246       
# span 8 =   3.340972,   5.755629       
# span 9 =      -1.58,      44.90       
# span 10 =          1,          1      
# span 11 =  -0.003221,   0.003278      
# span 12 =      8.000,   1928.000      
# span 13 =      8.000,   1928.000      
# span 14 =    34.9828,    36.7672      
# span 15 =    23.5390,    27.7864      
# span 16 =     3.8784,    27.5143      
# span 17 =    1493.48,    1542.05      
# span 18 =    1493.46,    1542.04      
# span 19 =     -0.177,      1.432      
# span 20 =         15,       2520      
# span 21 = 0.0000e+00, 0.0000e+00      
# interval = meters: 1                  
# start_time = Jul 24 2025 09:45:22 [System UTC, header]
# bad_flag = -9.990e-29
*END*
[from data line 527]
      18799 205.415570    783.265    539.653    17.2196    17.2205     0.0009   4.691150   4.689470       0.68          1  -0.001458    535.000    535.000    36.3538    26.5230    17.1281    1524.00    1523.98      0.892         25 0.0000e+00
      18827 205.415583    784.403    540.662    17.1657    17.1685     0.0027   4.684529   4.683051       0.90          1  -0.000952    536.000    536.000    36.3441    26.5285    17.0743    1523.84    1523.83      0.893         27 0.0000e+00
      18854 205.415596    785.527    541.672    17.1348    17.1373     0.0025   4.680824   4.679402       0.68          1  -0.001430    537.000    537.000    36.3392    26.5323    17.0433    1523.76    1523.75      0.919         27 0.0000e+00
      18879 205.415609    786.582    542.683    17.1020    17.1083     0.0063   4.676610   4.675595       0.91          1  -0.000407    538.000    538.000    36.3315    26.5343    17.0104    1523.67    1523.67      1.018         23 0.0000e+00
      18901 205.415619    787.520    543.693    17.0577    17.0568    -0.0009   4.671206   4.669350       0.65          1  -0.001628    539.000    539.000    36.3238    26.5389    16.9661    1523.55    1523.53      1.127         22 0.0000e+00
      18922 205.415629    788.380    544.703    17.0451    17.0448    -0.0003   4.669713   4.667925       0.44          1  -0.001712    540.000    540.000    36.3217    26.5404    16.9534    1523.52    1523.51      1.201         20 0.0000e+00
      18942 205.415639    789.203    545.713    17.0425    17.0425     0.0000   4.669451   4.667705       0.82          1  -0.001736    541.000    541.000    36.3213    26.5407    16.9507    1523.53    1523.52      1.210         19 0.0000e+00
      18962 205.415649    790.058    546.723    17.0426    17.0429     0.0003   4.669500   4.667779       0.90          1  -0.001702    542.000    542.000    36.3213    26.5407    16.9506    1523.55    1523.53      1.053         21 0.0000e+00
      18992 205.415663    791.282    547.733    17.0371    17.0376     0.0005   4.668869   4.667167       0.74          1  -0.001658    543.000    543.000    36.3203    26.5413    16.9450    1523.55    1523.53      0.748         37 0.0000e+00
      19023 205.415678    792.585    548.743    17.0215    17.0235     0.0020   4.666825   4.665361       0.74          1  -0.001301    544.000    544.000    36.3161    26.5419    16.9292    1523.51    1523.50      0.951         25 0.0000e+00
      19046 205.415689    793.528    549.753    16.9780    16.9847     0.0066   4.661163   4.660142       0.54          1  -0.000184    545.000    545.000    36.3052    26.5439    16.8858    1523.39    1523.39      1.176         18 0.0000e+00
      19065 205.415698    794.330    550.763    16.9146    16.9170     0.0024   4.653402   4.651911       0.63          1  -0.001098    546.000    546.000    36.2940    26.5505    16.8223    1523.20    1523.19      1.226         21 0.0000e+00
      19085 205.415708    795.173    551.773    16.8876    16.8883     0.0007   4.650470   4.648749       0.58          1  -0.001572    547.000    547.000    36.2922    26.5555    16.7953    1523.14    1523.12      1.146         21 0.0000e+00
      19108 205.415719    796.138    552.783    16.8565    16.8598     0.0033   4.647111   4.645750       0.57          1  -0.000916    548.000    548.000    36.2904    26.5615    16.7642    1523.06    1523.05      0.933         27 0.0000e+00
      19139 205.415734    797.420    553.793    16.8147    16.8160     0.0014   4.642157   4.640578       0.66          1  -0.001448    549.000    549.000    36.2842    26.5667    16.7223    1522.94    1522.93      0.764         33 0.0000e+00
      19168 205.415748    798.636    554.803    16.8007    16.8013     0.0006   4.640536   4.638858       0.70          1  -0.001581    550.000    550.000    36.2822    26.5685    16.7082    1522.91    1522.90      0.960         26 0.0000e+00
      19191 205.415759    799.582    555.813    16.7880    16.7885     0.0005   4.639074   4.637382       0.68          1  -0.001570    551.000    551.000    36.2804    26.5701    16.6954    1522.89    1522.87      1.190         18 0.0000e+00
      19210 205.415768    800.372    556.823    16.7789    16.7793     0.0004   4.638054   4.636348       0.69          1  -0.001625    552.000    552.000    36.2793    26.5715    16.6861    1522.88    1522.86      1.310         18 0.0000e+00
      19228 205.415777    801.130    557.833    16.7671    16.7693     0.0022   4.636655   4.635148       0.72          1  -0.001332    553.000    553.000    36.2772    26.5728    16.6742    1522.86    1522.85      1.287         19 0.0000e+00
      19248 205.415786    801.951    558.843    16.7510    16.7519     0.0010   4.634726   4.633089       0.60          1  -0.001486    554.000    554.000    36.2744    26.5744    16.6580    1522.82    1522.81      1.120         21 0.0000e+00
      19275 205.415799    803.066    559.854    16.7418    16.7429     0.0011   4.633650   4.632062       0.60          1  -0.001534    555.000    555.000    36.2728    26.5754    16.6487    1522.81    1522.80      0.747         32 0.0000e+00
      19311 205.415817    804.588    560.864    16.7217    16.7230     0.0013   4.631226   4.629649       0.83          1  -0.001389    556.000    556.000    36.2693    26.5775    16.6285    1522.76    1522.75      0.780         32 0.0000e+00
      19337 205.415829    805.659    561.874    16.7021    16.7026     0.0004   4.628953   4.627271       0.80          1  -0.001586    557.000    557.000    36.2665    26.5800    16.6088    1522.72    1522.70      1.118         21 0.0000e+00
      19356 205.415839    806.465    562.884    16.6864    16.6868     0.0004   4.627061   4.625350       0.62          1  -0.001480    558.000    558.000    36.2637    26.5816    16.5930    1522.68    1522.66      1.284         19 0.0000e+00
      19375 205.415848    807.231    563.894    16.6696    16.6695    -0.0001   4.625102   4.623339       1.00          1  -0.001624    559.000    559.000    36.2612    26.5837    16.5761    1522.65    1522.63      1.262         19 0.0000e+00
      19395 205.415857    808.089    564.904    16.6524    16.6546     0.0021   4.623043   4.621542      25.70          1  -0.001242    560.000    560.000    36.2581    26.5854    16.5589    1522.61    1522.60      1.025         23 0.0000e+00
      19425 205.415872    809.337    565.914    16.6240    16.6254     0.0015   4.619665   4.618108      -0.23          1  -0.001426    561.000    561.000    36.2537    26.5887    16.5303    1522.53    1522.52      0.757         33 0.0000e+00
      19454 205.415886    810.555    566.924    16.5996    16.6011     0.0015   4.616734   4.615154       1.23          1  -0.001337    562.000    562.000    36.2495    26.5912    16.5059    1522.47    1522.46      1.007         25 0.0000e+00
      19475 205.415896    811.430    567.935    16.5783    16.5785     0.0002   4.614250   4.612534       0.66          1  -0.001608    563.000    563.000    36.2464    26.5939    16.4844    1522.42    1522.40      1.222         20 0.0000e+00
      19494 205.415905    812.214    568.945    16.5664    16.5686     0.0022   4.612882   4.611386       0.74          1  -0.001287    564.000    564.000    36.2447    26.5954    16.4725    1522.40    1522.39      1.223         19 0.0000e+00
      19516 205.415916    813.119    569.955    16.5354    16.5374     0.0020   4.609210   4.607697       0.56          1  -0.001271    565.000    565.000    36.2399    26.5990    16.4414    1522.31    1522.30      0.949         24 0.0000e+00
      19547 205.415931    814.425    570.965    16.5146    16.5153     0.0007   4.606773   4.605101       0.85          1  -0.001577    566.000    566.000    36.2368    26.6015    16.4205    1522.26    1522.25      0.822         32 0.0000e+00
      19572 205.415943    815.463    571.975    16.5075    16.5081     0.0006   4.605980   4.604314       0.64          1  -0.001577    567.000    567.000    36.2358    26.6025    16.4133    1522.26    1522.24      1.118         21 0.0000e+00
      19592 205.415952    816.294    572.985    16.4827    16.4850     0.0023   4.602991   4.601478       0.60          1  -0.001174    568.000    568.000    36.2314    26.6049    16.3884    1522.19    1522.18      1.206         19 0.0000e+00
      19613 205.415963    817.154    573.996    16.4464    16.4492     0.0028   4.598614   4.597166       0.94          1  -0.001064    569.000    569.000    36.2252    26.6086    16.3521    1522.09    1522.09      1.128         19 0.0000e+00
      19636 205.415973    818.107    575.006    16.4051    16.4078     0.0026   4.593651   4.592224       0.58          1  -0.001031    570.000    570.000    36.2182    26.6129    16.3108    1521.98    1521.97      0.981         25 0.0000e+00
      19662 205.415986    819.215    576.016    16.3632    16.3637     0.0005   4.588715   4.587049       0.66          1  -0.001493    571.000    571.000    36.2120    26.6180    16.2688    1521.86    1521.84      0.903         27 0.0000e+00
      19689 205.415999    820.330    577.026    16.3511    16.3513     0.0002   4.587284   4.585587       0.56          1  -0.001596    572.000    572.000    36.2099    26.6192    16.2566    1521.84    1521.82      0.924         25 0.0000e+00
      19715 205.416012    821.401    578.036    16.3400    16.3402     0.0002   4.585973   4.584278       0.76          1  -0.001602    573.000    573.000    36.2079    26.6203    16.2454    1521.82    1521.80      0.983         26 0.0000e+00
      19738 205.416023    822.382    579.046    16.3310    16.3320     0.0010   4.584936   4.583324       0.64          1  -0.001505    574.000    574.000    36.2065    26.6213    16.2363    1521.80    1521.79      1.074         22 0.0000e+00
      19760 205.416033    823.289    580.057    16.3111    16.3113     0.0003   4.582585   4.580905       0.82          1  -0.001548    575.000    575.000    36.2033    26.6235    16.2163    1521.76    1521.74      1.143         21 0.0000e+00
      19781 205.416043    824.153    581.067    16.2822    16.2838     0.0016   4.579080   4.577485       0.87          1  -0.001125    576.000    576.000    36.1980    26.6262    16.1873    1521.68    1521.67      1.163         21 0.0000e+00
      19802 205.416054    825.031    582.077    16.2501    16.2509     0.0008   4.575317   4.573681       0.79          1  -0.001475    577.000    577.000    36.1932    26.6300    16.1552    1521.59    1521.58      1.111         21 0.0000e+00
      19825 205.416065    825.989    583.087    16.2042    16.2123     0.0081   4.569671   4.568913       0.56          1  -0.000270    578.000    578.000    36.1843    26.6337    16.1093    1521.46    1521.47      0.988         25 0.0000e+00
      19852 205.416078    827.124    584.098    16.1443    16.1483     0.0041   4.562629   4.561324       0.76          1  -0.000997    579.000    579.000    36.1756    26.6409    16.0495    1521.28    1521.28      0.825         30 0.0000e+00
      19882 205.416092    828.391    585.108    16.1409    16.1410     0.0001   4.562271   4.560592       0.69          1  -0.001697    580.000    580.000    36.1751    26.6414    16.0459    1521.29    1521.27      0.867         28 0.0000e+00
      19908 205.416105    829.447    586.118    16.1469    16.1465    -0.0003   4.563071   4.561331       0.62          1  -0.001759    581.000    581.000    36.1763    26.6410    16.0517    1521.32    1521.31      1.092         21 0.0000e+00
      19928 205.416114    830.281    587.128    16.1470    16.1471     0.0002   4.563130   4.561441      28.03          1  -0.001672    582.000    582.000    36.1764    26.6410    16.0516    1521.34    1521.33      1.263         20 0.0000e+00
      19946 205.416123    831.046    588.138    16.1362    16.1372     0.0010   4.561876   4.560239       4.84          1  -0.001390    583.000    583.000    36.1746    26.6422    16.0408    1521.32    1521.31      1.299         18 0.0000e+00
      19965 205.416132    831.842    589.149    16.1289    16.1280    -0.0009   4.561070   4.559278       0.83          1  -0.001852    584.000    584.000    36.1737    26.6432    16.0333    1521.32    1521.30      1.181         20 0.0000e+00
      19989 205.416144    832.834    590.159    16.1054    16.1135     0.0081   4.558250   4.557451       0.83          1  -0.000565    585.000    585.000    36.1695    26.6454    16.0097    1521.26    1521.26      0.869         28 0.0000e+00
      20022 205.416160    834.209    591.169    16.0746    16.0738    -0.0009   4.554572   4.552780       0.85          1  -0.001546    586.000    586.000    36.1642    26.6485    15.9789    1521.17    1521.15      0.756         31 0.0000e+00
      20050 205.416173    835.392    592.179    16.0414    16.0425     0.0012   4.550668   4.549070       0.76          1  -0.001360    587.000    587.000    36.1592    26.6523    15.9457    1521.08    1521.07      0.962         25 0.0000e+00
      20074 205.416185    836.362    593.190    16.0196    16.0202     0.0006   4.548115   4.546473       0.80          1  -0.001506    588.000    588.000    36.1559    26.6547    15.9238    1521.03    1521.01      1.118         21 0.0000e+00
      20094 205.416195    837.210    594.200    16.0099    16.0112     0.0013   4.546991   4.545403       0.70          1  -0.001411    589.000    589.000    36.1542    26.6557    15.9140    1521.01    1521.00      1.216         21 0.0000e+00
      20114 205.416204    838.025    595.210    15.9935    15.9944     0.0009   4.545058   4.543453       0.90          1  -0.001502    590.000    590.000    36.1515    26.6574    15.8974    1520.97    1520.96      1.205         19 0.0000e+00
      20135 205.416214    838.912    596.221    15.9875    15.9872    -0.0003   4.544381   4.542635       0.78          1  -0.001697    591.000    591.000    36.1505    26.6581    15.8913    1520.97    1520.96      1.025         24 0.0000e+00
      20163 205.416228    840.091    597.231    15.9817    15.9815    -0.0002   4.543736   4.541993       0.75          1  -0.001712    592.000    592.000    36.1496    26.6588    15.8853    1520.97    1520.95      0.800         31 0.0000e+00
      20192 205.416242    841.303    598.241    15.9801    15.9795    -0.0006   4.543613   4.541819       0.65          1  -0.001785    593.000    593.000    36.1496    26.6591    15.8836    1520.98    1520.96      0.947         26 0.0000e+00
      20215 205.416253    842.266    599.251    15.9751    15.9744    -0.0007   4.543045   4.541212       0.67          1  -0.001712    594.000    594.000    36.1487    26.6596    15.8784    1520.98    1520.96      1.097         22 0.0000e+00
      20237 205.416264    843.165    600.262    15.9529    15.9546     0.0018   4.540385   4.538851       0.76          1  -0.001302    595.000    595.000    36.1447    26.6617    15.8562    1520.93    1520.92      1.117         20 0.0000e+00
      20259 205.416274    844.078    601.272    15.9311    15.9324     0.0012   4.537823   4.536235       0.75          1  -0.001408    596.000    596.000    36.1411    26.6639    15.8344    1520.87    1520.86      1.111         24 0.0000e+00
      20280 205.416284    844.977    602.282    15.8941    15.8977     0.0036   4.533421   4.532043       0.63          1  -0.000921    597.000    597.000    36.1350    26.6677    15.7973    1520.77    1520.76      1.135         20 0.0000e+00
      20302 205.416295    845.861    603.293    15.8527    15.8555     0.0028   4.528531   4.527107       0.74          1  -0.001079    598.000    598.000    36.1285    26.6722    15.7559    1520.65    1520.64      1.083         22 0.0000e+00
      20326 205.416307    846.895    604.303    15.8262    15.8271     0.0009   4.525408   4.523803       0.77          1  -0.001453    599.000    599.000    36.1243    26.6750    15.7294    1520.58    1520.57      0.858         28 0.0000e+00
