test_data/proc/CTD03.ros
* Sea-Bird SBE 9 Data File:
* FileName = D:\ctd\raw\CTD03.hdr
* Software Version Seasave V 7.27.0.46
* Temperature SN = 4695
* Conductivity SN = 0618
* Number of Bytes Per Scan = 40
* Number of Voltage Words = 5
* Number of Scans Averaged by the Deck Unit = 1
* NMEA Latitude = 36 15.03 N
* NMEA Longitude = 066 35.01 W
* NMEA UTC (Time) = Jul 24 2025  09:45:19
* NMEA baud rate = 4800
** Ship: R/V Endeavor
** Cruise: EN734
** Principal Investigators: Bess Ward
** Chief_Scientist: Bess Ward
** Project: Nitrous Oxide Consumption in Surface Waters
** Cruise Start Date: 21 July 2025
** Ports: Narragansett to Narragansett, Rhode Island
** Bottom Depth:
** Operator:
# nquan = 15
# nvalues = 588                                   
# units = specified
# name 0 = scan: Scan Count
# name 1 = timeJ: Julian Days
# name 2 = timeS: Time, Elapsed [seconds]
# name 3 = prDM: Pressure, Digiquartz [db]
# name 4 = t090C: Temperature [ITS-90, deg C]
# name 5 = t190C: Temperature, 2 [ITS-90, deg C]
# name 6 = T2-T190C: Temperature Difference, 2 - 1 [ITS-90, deg C]
# name 7 = c0S/m: Conductivity [S/m]
# name 8 = c1S/m: Conductivity, 2 [S/m]
# name 9 = altM: Altimeter [m]
# name 10 = pumps: Pump Status
# name 11 = C2-C1S/m: Conductivity Difference, 2 - 1 [S/m]
# name 12 = depSM: Depth [salt water, m]
# name 13 = nbf: Bottles Fired
# name 14 = flag:  0.000e+00
# interval = seconds: 0.0416667
# start_time = Jul 24 2025 09:45:22 [System UTC, header]
# bad_flag = -9.990e-29
*END*
[from data line 482]
     168516 205.487772   7021.458     75.345    21.1734    21.1728    -0.0006   5.125130   5.123492       0.85          1  -0.001638     74.779         10  0.000e+00
     168517 205.487772   7021.500     75.215    21.1729    21.1717    -0.0012   5.125082   5.123471       1.00          1  -0.001612     74.651         10  0.000e+00
     168518 205.487772   7021.542     75.337    21.1724    21.1714    -0.0010   5.124964   5.123348       1.17          1  -0.001616     74.771         10  0.000e+00
     168519 205.487773   7021.583     75.285    21.1718    21.1707    -0.0011   5.124900   5.123319       1.17          1  -0.001581     74.719         10  0.000e+00
     168520 205.487773   7021.625     75.285    21.1718    21.1703    -0.0016   5.124948   5.123305       1.17          1  -0.001643     74.719         10  0.000e+00
     168521 205.487774   7021.667     75.345    21.1722    21.1702    -0.0020   5.124936   5.123218       1.17          1  -0.001718     74.779         10  0.000e+00
     168522 205.487774   7021.708     75.285    21.1718    21.1701    -0.0017   5.124988   5.123232       1.17          1  -0.001755     74.719         10  0.000e+00
     168523 205.487775   7021.750     75.345    21.1722    21.1700    -0.0022   5.124948   5.123218       0.90          1  -0.001730     74.779         10  0.000e+00
     176157 205.491456   7339.833     40.158    24.3652    24.3795     0.0143   5.451313   5.451258       0.46          1  -0.000054     39.860         11  0.000e+00
     176158 205.491457   7339.875     40.218    24.3635    24.3775     0.0140   5.451154   5.451214       0.46          1   0.000060     39.920         11  0.000e+00
     176159 205.491457   7339.917     40.192    24.3622    24.3759     0.0137   5.451044   5.450954       0.46          1  -0.000090     39.894         11  0.000e+00
     176160 205.491458   7339.958     40.218    24.3619    24.3741     0.0122   5.450987   5.450806       0.46          1  -0.000181     39.920         11  0.000e+00
     176161 205.491458   7340.000     40.158    24.3615    24.3723     0.0107   5.450918   5.450635       0.56          1  -0.000282     39.859         11  0.000e+00
     176162 205.491459   7340.042     40.218    24.3615    24.3723     0.0107   5.450865   5.450495       0.68          1  -0.000370     39.920         11  0.000e+00
     176163 205.491459   7340.083     40.287    24.3615    24.3732     0.0116   5.450885   5.450406       0.71          1  -0.000480     39.988         11  0.000e+00
     176164 205.491460   7340.125     40.218    24.3615    24.3752     0.0136   5.450881   5.450457       0.71          1  -0.000424     39.919         11  0.000e+00
     176165 205.491460   7340.167     40.218    24.3617    24.3766     0.0149   5.450922   5.450673       0.71          1  -0.000249     39.919         11  0.000e+00
     176166 205.491461   7340.208     40.192    24.3617    24.3773     0.0156   5.450905   5.450858       0.71          1  -0.000048     39.894         11  0.000e+00
     176167 205.491461   7340.250     40.218    24.3616    24.3780     0.0164   5.450836   5.450910       0.85          1   0.000074     39.919         11  0.000e+00
     176168 205.491462   7340.292     40.287    24.3614    24.3789     0.0176   5.450816   5.450991       1.00          1   0.000176     39.988         11  0.000e+00
     176169 205.491462   7340.333     40.218    24.3614    24.3799     0.0185   5.450816   5.450954       1.03          1   0.000138     39.919         11  0.000e+00
     176170 205.491463   7340.375     40.287    24.3615    24.3806     0.0190   5.450767   5.451169       1.03          1   0.000402     39.988         11  0.000e+00
     176171 205.491463   7340.417     40.218    24.3606    24.3813     0.0207   5.450706   5.451214       1.00          1   0.000508     39.919         11  0.000e+00
     176172 205.491464   7340.458     40.253    24.3610    24.3818     0.0208   5.450722   5.451355       1.00          1   0.000633     39.954         11  0.000e+00
     176173 205.491464   7340.500     40.218    24.3612    24.3827     0.0215   5.450702   5.451436       0.73          1   0.000734     39.919         11  0.000e+00
     176174 205.491465   7340.542     40.218    24.3615    24.3829     0.0214   5.450722   5.451525       0.49          1   0.000803     39.919         11  0.000e+00
     176175 205.491465   7340.583     40.218    24.3611    24.3822     0.0211   5.450718   5.451496       0.44          1   0.000778     39.919         11  0.000e+00
     176176 205.491466   7340.625     40.287    24.3603    24.3816     0.0213   5.450604   5.451481       0.46          1   0.000877     39.988         11  0.000e+00
     176177 205.491466   7340.667     40.157    24.3583    24.3809     0.0226   5.450478   5.451392       0.46          1   0.000914     39.859         11  0.000e+00
     176178 205.491467   7340.708     40.252    24.3578    24.3811     0.0233   5.450417   5.451355       0.46          1   0.000938     39.953         11  0.000e+00
     176179 205.491467   7340.750     40.287    24.3578    24.3806     0.0228   5.450376   5.451214       0.46          1   0.000838     39.988         11  0.000e+00
     176180 205.491467   7340.792     40.218    24.3585    24.3804     0.0219   5.450396   5.451177       0.46          1   0.000780     39.919         11  0.000e+00
     176181 205.491468   7340.833     40.157    24.3599    24.3800     0.0201   5.450543   5.451214       0.46          1   0.000671     39.859         11  0.000e+00
     176182 205.491468   7340.875     40.218    24.3604    24.3793     0.0189   5.450637   5.451214       0.46          1   0.000577     39.919         11  0.000e+00
     176183 205.491469   7340.917     40.218    24.3600    24.3779     0.0178   5.450681   5.451132       0.46          1   0.000451     39.919         11  0.000e+00
     176184 205.491469   7340.958     40.218    24.3608    24.3755     0.0147   5.450694   5.451036       0.46          1   0.000342     39.919         11  0.000e+00
     176185 205.491470   7341.000     40.192    24.3612    24.3739     0.0127   5.450722   5.450806       0.46          1   0.000084     39.893         11  0.000e+00
     176186 205.491470   7341.042     40.157    24.3617    24.3728     0.0111   5.450795   5.450502       0.46          1  -0.000293     39.859         11  0.000e+00
     176187 205.491471   7341.083     40.218    24.3619    24.3703     0.0084   5.450828   5.450272       0.46          1  -0.000556     39.919         11  0.000e+00
     176188 205.491471   7341.125     40.157    24.3621    24.3674     0.0053   5.450848   5.450005       0.44          1  -0.000843     39.859         11  0.000e+00
     176189 205.491472   7341.167     40.157    24.3623    24.3652     0.0030   5.450857   5.449686       0.44          1  -0.001170     39.859         11  0.000e+00
     176190 205.491472   7341.208     40.217    24.3628    24.3642     0.0014   5.450946   5.449553       0.46          1  -0.001393     39.919         11  0.000e+00
     176191 205.491473   7341.250     40.122    24.3633    24.3638     0.0005   5.450918   5.449464       0.61          1  -0.001454     39.824         11  0.000e+00
     176192 205.491473   7341.292     40.157    24.3626    24.3638     0.0012   5.450897   5.449412       0.81          1  -0.001485     39.859         11  0.000e+00
     176193 205.491474   7341.333     40.157    24.3619    24.3642     0.0023   5.450848   5.449419       0.85          1  -0.001429     39.859         11  0.000e+00
     176194 205.491474   7341.375     40.088    24.3615    24.3649     0.0033   5.450787   5.449508       0.85          1  -0.001279     39.790         11  0.000e+00
     176195 205.491475   7341.417     40.088    24.3614    24.3656     0.0042   5.450742   5.449597       0.83          1  -0.001145     39.790         11  0.000e+00
     176196 205.491475   7341.458     40.088    24.3596    24.3658     0.0062   5.450486   5.449686       0.81          1  -0.000800     39.790         11  0.000e+00
     176197 205.491476   7341.500     40.122    24.3576    24.3661     0.0086   5.450347   5.449775       0.85          1  -0.000572     39.824         11  0.000e+00
     176198 205.491476   7341.542     40.087    24.3576    24.3667     0.0091   5.450356   5.449731       0.90          1  -0.000625     39.790         11  0.000e+00
     176199 205.491477   7341.583     40.087    24.3590    24.3669     0.0079   5.450567   5.449775       0.90          1  -0.000792     39.790         11  0.000e+00
     176200 205.491477   7341.625     40.087    24.3602    24.3672     0.0070   5.450677   5.449909       0.90          1  -0.000769     39.790         11  0.000e+00
     176201 205.491478   7341.667     40.027    24.3604    24.3670     0.0066   5.450632   5.449872       0.90          1  -0.000761     39.730         11  0.000e+00
     176202 205.491478   7341.708     40.087    24.3601    24.3674     0.0073   5.450641   5.449909       0.90          1  -0.000732     39.790         11  0.000e+00
     176203 205.491479   7341.750     40.027    24.3603    24.3730     0.0127   5.450653   5.449775       0.81          1  -0.000878     39.730         11  0.000e+00
     176204 205.491479   7341.792     40.061    24.3614    24.3795     0.0181   5.450804   5.450049       0.71          1  -0.000754     39.764         11  0.000e+00
     176205 205.491480   7341.833     40.027    24.3634    24.3861     0.0228   5.450962   5.450858       0.71          1  -0.000105     39.730         11  0.000e+00
     183508 205.495001   7646.125     10.290    27.5191    27.5190    -0.0001   5.755547   5.754009       0.95          1  -0.001538     10.215         12  0.000e+00
     183509 205.495002   7646.167     10.152    27.5191    27.5192     0.0001   5.755610   5.754100       0.95          1  -0.001510     10.077         12  0.000e+00
     183510 205.495002   7646.208     10.212    27.5193    27.5190    -0.0003   5.755635   5.754108       0.95          1  -0.001527     10.137         12  0.000e+00
     183511 205.495003   7646.250     10.221    27.5194    27.5190    -0.0005   5.755664   5.754009       0.95          1  -0.001655     10.146         12  0.000e+00
     183512 205.495003   7646.292     10.212    27.5193    27.5188    -0.0005   5.755589   5.754055       0.88          1  -0.001534     10.137         12  0.000e+00
     183513 205.495004   7646.333     10.091    27.5194    27.5190    -0.0005   5.755585   5.754055       0.83          1  -0.001530     10.017         12  0.000e+00
     183514 205.495004   7646.375     10.212    27.5194    27.5190    -0.0005   5.755556   5.754009       0.81          1  -0.001546     10.137         12  0.000e+00
     183515 205.495005   7646.417     10.212    27.5193    27.5190    -0.0003   5.755610   5.754055       0.81          1  -0.001555     10.137         12  0.000e+00
     183516 205.495005   7646.458     10.221    27.5195    27.5192    -0.0003   5.755602   5.754055       0.83          1  -0.001547     10.146         12  0.000e+00
     183517 205.495006   7646.500     10.212    27.5193    27.5190    -0.0003   5.755631   5.754055       0.81          1  -0.001576     10.137         12  0.000e+00
     183518 205.495006   7646.542     10.160    27.5194    27.5193    -0.0001   5.755635   5.754100       0.83          1  -0.001535     10.086         12  0.000e+00
     183519 205.495007   7646.583     10.152    27.5194    27.5190    -0.0005   5.755664   5.754055      27.42          1  -0.001610     10.077         12  0.000e+00
     183520 205.495007   7646.625      9.901    27.5194    27.5192    -0.0003   5.755643   5.754108      69.47          1  -0.001536      9.828         12  0.000e+00
     183521 205.495008   7646.667     10.342    27.5193    27.5192    -0.0001   5.755568   5.754055      81.47          1  -0.001513     10.266         12  0.000e+00
     183522 205.495008   7646.708     10.082    27.5194    27.5188    -0.0006   5.755556   5.754009      80.46          1  -0.001546     10.008         12  0.000e+00
     183523 205.495009   7646.750     10.160    27.5196    27.5192    -0.0005   5.755614   5.754100      76.97          1  -0.001514     10.086         12  0.000e+00
     183524 205.495009   7646.792     10.152    27.5194    27.5190    -0.0005   5.755602   5.754108      29.94          1  -0.001494     10.077         12  0.000e+00
     183525 205.495010   7646.833     10.091    27.5196    27.5192    -0.0005   5.755593   5.754055       1.25          1  -0.001539     10.017         12  0.000e+00
     183526 205.495010   7646.875     10.082    27.5196    27.5190    -0.0006   5.755689   5.754055       0.00          1  -0.001635     10.008         12  0.000e+00
     183527 205.495011   7646.917     10.082    27.5197    27.5190    -0.0007   5.755698   5.754108       0.00          1  -0.001590     10.008         12  0.000e+00
     183528 205.495011   7646.958     10.160    27.5194    27.5192    -0.0003   5.755714   5.754100       0.49          1  -0.001614     10.085         12  0.000e+00
     183529 205.495012   7647.000     10.082    27.5196    27.5190    -0.0006   5.755752   5.754055       0.63          1  -0.001697     10.008         12  0.000e+00
     183530 205.495012   7647.042     10.091    27.5198    27.5192    -0.0006   5.755731   5.754108       0.54          1  -0.001623     10.017         12  0.000e+00
     183531 205.495013   7647.083     10.151    27.5198    27.5192    -0.0006   5.755819   5.754055       0.49          1  -0.001764     10.077         12  0.000e+00
     183532 205.495013   7647.125     10.082    27.5198    27.5192    -0.0007   5.755794   5.754055      39.49          1  -0.001739     10.008         12  0.000e+00
     183533 205.495014   7647.167     10.091    27.5200    27.5192    -0.0009   5.755765   5.754055      77.58          1  -0.001710     10.017         12  0.000e+00
     183534 205.495014   7647.208     10.082    27.5198    27.5190    -0.0008   5.755827   5.754108      85.89          1  -0.001719     10.008         12  0.000e+00
     183535 205.495014   7647.250     10.160    27.5198    27.5190    -0.0008   5.755882   5.754009      84.08          1  -0.001872     10.085         12  0.000e+00
     183536 205.495015   7647.292     10.082    27.5200    27.5190    -0.0010   5.755894   5.754108      72.60          1  -0.001786     10.008         12  0.000e+00
     183537 205.495015   7647.333     10.151    27.5198    27.5190    -0.0009   5.755869   5.754055      21.29          1  -0.001814     10.077         12  0.000e+00
     183538 205.495016   7647.375     10.091    27.5202    27.5192    -0.0010   5.755886   5.754055       0.00          1  -0.001831     10.017         12  0.000e+00
     183539 205.495016   7647.417     10.151    27.5202    27.5190    -0.0012   5.755923   5.754055       0.00          1  -0.001869     10.077         12  0.000e+00
     183540 205.495017   7647.458     10.091    27.5207    27.5190    -0.0018   5.755936   5.754108       0.00          1  -0.001828     10.016         12  0.000e+00
     183541 205.495017   7647.500     10.151    27.5202    27.5190    -0.0012   5.755911   5.754108       0.51          1  -0.001803     10.077         12  0.000e+00
     183542 205.495018   7647.542     10.151    27.5207    27.5192    -0.0016   5.756053   5.754055       1.00          1  -0.001998     10.077         12  0.000e+00
     183543 205.495018   7647.583     10.160    27.5209    27.5193    -0.0016   5.756107   5.754108       1.22          1  -0.002000     10.085         12  0.000e+00
     183544 205.495019   7647.625     10.151    27.5215    27.5192    -0.0023   5.756203   5.754153       1.22          1  -0.002050     10.076         12  0.000e+00
     183545 205.495019   7647.667     10.160    27.5218    27.5193    -0.0025   5.756333   5.754153       1.20          1  -0.002180     10.085         12  0.000e+00
     183546 205.495020   7647.708     10.151    27.5220    27.5193    -0.0027   5.756371   5.754153       1.20          1  -0.002217     10.076         12  0.000e+00
