test_data/proc/CTD03_avg.cnv
* Sea-Bird SBE 9 Data File:
* FileName = D:\ctd\raw\CTD03.hdr
* Software Version Seasave V 7.27.0.46
* Temperature SN = 4695
* Conductivity SN = 0618
* Number of Bytes Per Scan = 40
* Number of Voltage Words = 5
* Number of Scans Averaged by the Deck Unit = 1
* NMEA Latitude = 36 15.03 N
* NMEA Longitude = 066 35.01 W
* NMEA UTC (Time) = Jul 24 2025  09:45:19
* NMEA baud rate = 4800
** Ship: R/V Endeavor
** Cruise: EN734
** Principal Investigators: Bess Ward
** Chief_Scientist: Bess Ward
** Project: Nitrous Oxide Consumption in Surface Waters
** Cruise Start Date: 21 July 2025
** Ports: Narragansett to Narragansett, Rhode Island
** Bottom Depth:
** Operator:
# nquan = 22
# nvalues = 1921                        
# units = specified
# name 0 = scan: Scan Count
# name 1 = timeJ: Julian Days
# name 2 = timeS: Time, Elapsed [seconds]
# name 3 = prDM: Pressure, Digiquartz [db]
# name 4 = t090C: Temperature [ITS-90, deg C]
# name 5 = t190C: Temperature, 2 [ITS-90, deg C]
# name 6 = T2-T190C: Temperature Difference, 2 - 1 [ITS-90, deg C]
# name 7 = c0S/m: Conductivity [S/m]
# name 8 = c1S/m: Conductivity, 2 [S/m]
# name 9 = altM: Altimeter [m]
# name 10 = pumps: Pump Status
# name 11 = C2-C1S/m: Conductivity Difference, 2 - 1 [S/m]
# name 12 = depSM: Depth [salt water, m]
# name 13 = depSM: Depth [salt water, m], lat = 36.2505
# name 14 = sal00: Salinity, Practical [PSU]
# name 15 = sigma-é00: Density [sigma-theta, kg/m^3]
# name 16 = potemp090C: Potential Temperature [ITS-90, deg C]
# name 17 = svCM: Sound Velocity [Chen-Millero, m/s]
# name 18 = svCM1: Sound Velocity, 2 [Chen-Millero, m/s]
# name 19 = dz/dtM: Descent Rate [m/s], WS = 2
# name 20 = nbin: number of scans per bin
# name 21 = flag: flag
# span 0 =       2010,      55457       
# span 1 = 205.407474, 205.433249       
# span 2 =     83.720,   2310.686       
# span 3 =      8.059,   1951.297       
# span 4 =     4.0417,    27.5183       
# span 5 =     4.0415,    27.5183       
# span 6 =    -0.0068,     0.0412       
# span 7 =   3.342194,   5.757237       
# span 8 =   3.340976,   5.755629       
# span 9 =      -0.07,      42.71       
# span 10 =          1,          1      
# span 11 =  -0.003124,   0.003013      
# span 12 =      8.000,   1928.005      
# span 13 =      8.000,   1928.000      
# span 14 =    34.9828,    36.7668      
# span 15 =    23.5390,    27.7863      
# span 16 =     3.8785,    27.5143      
# span 17 =    1493.48,    1542.05      
# span 18 =    1493.46,    1542.04      
# span 19 =     -0.226,      1.429      
# span 20 =         16,       2677      
# span 21 = 0.0000e+00, 0.0000e+00      
# interval = meters: 1                  
# start_time = Jul 24 2025 09:45:22 [System UTC, header]
# bad_flag = -9.990e-29
*END*
[from data line 791]
      25137 205.418627   1047.341    806.464    12.6989    12.7000     0.0011   4.165826   4.164339       0.86          1  -0.001346    799.005    799.000    35.6037    26.9436    12.5865    1513.25    1513.23      1.120         22 0.0000e+00
      25162 205.418639   1048.381    807.476    12.6836    12.6845     0.0009   4.164140   4.162628       0.71          1  -0.001402    800.006    800.000    35.6015    26.9449    12.5712    1513.21    1513.19      0.863         29 0.0000e+00
      25193 205.418654   1049.685    808.487    12.6699    12.6705     0.0006   4.162622   4.161094       0.66          1  -0.001458    800.996    801.000    35.5995    26.9461    12.5574    1513.18    1513.16      0.816         30 0.0000e+00
      25220 205.418667   1050.797    809.498    12.6652    12.6652     0.0000   4.162138   4.160562       0.82          1  -0.001557    801.996    802.000    35.5988    26.9466    12.5525    1513.18    1513.16      1.004         24 0.0000e+00
      25243 205.418678   1051.735    810.509    12.6615    12.6618     0.0003   4.161769   4.160209       0.70          1  -0.001523    802.999    803.000    35.5983    26.9469    12.5488    1513.18    1513.16      1.111         22 0.0000e+00
      25264 205.418688   1052.624    811.521    12.6583    12.6586     0.0003   4.161451   4.159893       0.68          1  -0.001524    804.000    804.000    35.5978    26.9472    12.5455    1513.19    1513.17      1.129         21 0.0000e+00
      25286 205.418698   1053.534    812.532    12.6537    12.6538     0.0001   4.160961   4.159389       0.57          1  -0.001546    805.002    805.000    35.5971    26.9475    12.5407    1513.19    1513.17      1.078         23 0.0000e+00
      25309 205.418710   1054.511    813.543    12.6498    12.6500     0.0002   4.160569   4.158988       0.83          1  -0.001545    805.999    806.000    35.5965    26.9479    12.5367    1513.19    1513.17      1.004         24 0.0000e+00
      25334 205.418722   1055.546    814.555    12.6443    12.6439    -0.0004   4.159973   4.158335      24.81          1  -0.001583    807.001    807.000    35.5956    26.9483    12.5311    1513.19    1513.17      0.978         25 0.0000e+00
      25359 205.418733   1056.566    815.566    12.6390    12.6389    -0.0002   4.159411   4.157795       0.57          1  -0.001577    808.000    808.000    35.5947    26.9487    12.5257    1513.18    1513.17      1.006         24 0.0000e+00
      25383 205.418745   1057.566    816.577    12.6298    12.6305     0.0008   4.158384   4.156862       0.65          1  -0.001411    809.001    809.000    35.5932    26.9493    12.5164    1513.17    1513.15      1.002         24 0.0000e+00
      25407 205.418757   1058.581    817.589    12.6213    12.6212    -0.0001   4.157483   4.155868       0.65          1  -0.001590    810.000    810.000    35.5920    26.9501    12.5078    1513.16    1513.14      1.022         24 0.0000e+00
      25430 205.418768   1059.534    818.600    12.6121    12.6130     0.0009   4.156459   4.154968       0.67          1  -0.001383    810.996    811.000    35.5905    26.9508    12.4985    1513.14    1513.13      1.114         22 0.0000e+00
      25451 205.418778   1060.404    819.611    12.6007    12.6015     0.0008   4.155224   4.153723       0.64          1  -0.001411    812.000    812.000    35.5889    26.9518    12.4870    1513.12    1513.10      1.155         21 0.0000e+00
      25472 205.418788   1061.300    820.623    12.5930    12.5933     0.0003   4.154406   4.152835       0.92          1  -0.001535    813.006    813.000    35.5879    26.9525    12.4792    1513.11    1513.09      1.041         23 0.0000e+00
      25499 205.418801   1062.401    821.634    12.5916    12.5918     0.0002   4.154277   4.152702       0.80          1  -0.001565    814.001    814.000    35.5876    26.9526    12.4777    1513.12    1513.10      0.866         29 0.0000e+00
      25527 205.418814   1063.563    822.646    12.5841    12.5848     0.0007   4.153458   4.151940       0.81          1  -0.001443    814.995    815.000    35.5863    26.9531    12.4701    1513.11    1513.09      0.989         25 0.0000e+00
      25548 205.418825   1064.473    823.657    12.5721    12.5730     0.0009   4.152149   4.150647       0.81          1  -0.001352    815.996    816.000    35.5846    26.9542    12.4580    1513.08    1513.07      1.180         20 0.0000e+00
      25568 205.418834   1065.293    824.668    12.5534    12.5552     0.0018   4.150062   4.148675       0.74          1  -0.001218    817.005    817.000    35.5817    26.9556    12.4393    1513.03    1513.02      1.179         20 0.0000e+00
      25590 205.418845   1066.221    825.680    12.5302    12.5320     0.0018   4.147501   4.146097       0.64          1  -0.001252    818.006    818.000    35.5785    26.9577    12.4161    1512.97    1512.96      0.972         25 0.0000e+00
      25619 205.418859   1067.422    826.691    12.5214    12.5209    -0.0005   4.146526   4.144876       0.80          1  -0.001561    818.998    819.000    35.5769    26.9582    12.4072    1512.95    1512.93      0.846         30 0.0000e+00
      25646 205.418872   1068.526    827.703    12.5091    12.5088    -0.0002   4.145181   4.143580       0.71          1  -0.001580    819.996    820.000    35.5752    26.9593    12.3948    1512.93    1512.91      1.019         23 0.0000e+00
      25668 205.418883   1069.447    828.714    12.5119    12.5124     0.0005   4.145558   4.144044       0.95          1  -0.001579    821.000    821.000    35.5758    26.9592    12.3974    1512.95    1512.94      1.105         22 0.0000e+00
      25690 205.418893   1070.371    829.725    12.5160    12.5147    -0.0013   4.146065   4.144325       0.83          1  -0.001745    822.003    822.000    35.5764    26.9589    12.4014    1512.99    1512.96      1.046         23 0.0000e+00
      25714 205.418905   1071.393    830.737    12.5020    12.5065     0.0045   4.144501   4.143418      23.71          1  -0.000960    822.999    823.000    35.5741    26.9599    12.3873    1512.95    1512.95      0.981         26 0.0000e+00
      25739 205.418917   1072.409    831.748    12.4844    12.4881     0.0037   4.142535   4.141325       0.62          1  -0.000907    823.997    824.000    35.5713    26.9612    12.3697    1512.91    1512.90      1.060         22 0.0000e+00
      25760 205.418927   1073.308    832.759    12.4479    12.4492     0.0013   4.138488   4.137024       0.89          1  -0.001237    824.999    825.000    35.5663    26.9644    12.3332    1512.79    1512.78      1.147         21 0.0000e+00
      25782 205.418937   1074.188    833.771    12.4322    12.4330     0.0008   4.136743   4.135259       0.73          1  -0.001384    826.003    826.000    35.5639    26.9657    12.3175    1512.75    1512.74      1.069         23 0.0000e+00
      25808 205.418950   1075.272    834.782    12.4243    12.4249     0.0006   4.135885   4.134376       0.82          1  -0.001460    827.004    827.000    35.5626    26.9663    12.3095    1512.74    1512.73      0.852         30 0.0000e+00
      25837 205.418964   1076.501    835.794    12.4165    12.4165    -0.0000   4.135057   4.133472       0.60          1  -0.001528    827.992    828.000    35.5615    26.9669    12.3016    1512.73    1512.71      0.955         25 0.0000e+00
      25859 205.418975   1077.412    836.805    12.4121    12.4126     0.0005   4.134608   4.133111      30.94          1  -0.001461    828.994    829.000    35.5609    26.9674    12.2971    1512.73    1512.72      1.222         20 0.0000e+00
      25877 205.418984   1078.179    837.817    12.4082    12.4085     0.0003   4.134224   4.132685       1.17          1  -0.001509    830.001    830.000    35.5605    26.9678    12.2931    1512.74    1512.72      1.298         18 0.0000e+00
      25896 205.418993   1078.975    838.828    12.4062    12.4063     0.0000   4.134041   4.132477       0.80          1  -0.001550    831.007    831.000    35.5602    26.9680    12.2909    1512.74    1512.73      1.151         21 0.0000e+00
      25923 205.419005   1080.067    839.840    12.4008    12.4016     0.0008   4.133465   4.131968       0.81          1  -0.001458    832.005    832.000    35.5593    26.9684    12.2854    1512.74    1512.73      0.802         33 0.0000e+00
      25955 205.419021   1081.432    840.851    12.3944    12.3950     0.0006   4.132803   4.131283       0.68          1  -0.001468    832.991    833.000    35.5585    26.9690    12.2789    1512.74    1512.72      0.878         28 0.0000e+00
      25979 205.419033   1082.408    841.862    12.3867    12.3870     0.0003   4.131977   4.130428       0.59          1  -0.001472    833.997    834.000    35.5575    26.9697    12.2711    1512.73    1512.71      1.122         21 0.0000e+00
      25999 205.419042   1083.264    842.874    12.3750    12.3754     0.0004   4.130708   4.129159       0.52          1  -0.001438    835.003    835.000    35.5558    26.9708    12.2593    1512.70    1512.68      1.145         20 0.0000e+00
      26022 205.419053   1084.198    843.885    12.3652    12.3660     0.0008   4.129647   4.128152      24.54          1  -0.001406    836.004    836.000    35.5543    26.9715    12.2495    1512.68    1512.67      1.018         25 0.0000e+00
      26047 205.419065   1085.254    844.897    12.3504    12.3512     0.0008   4.128008   4.126535       0.66          1  -0.001364    836.997    837.000    35.5521    26.9727    12.2346    1512.65    1512.63      0.988         25 0.0000e+00
      26070 205.419077   1086.219    845.908    12.3350    12.3361     0.0011   4.126330   4.124867       0.56          1  -0.001303    837.994    838.000    35.5500    26.9741    12.2191    1512.61    1512.59      1.139         21 0.0000e+00
      26090 205.419086   1087.049    846.920    12.3081    12.3105     0.0024   4.123385   4.122042       0.61          1  -0.001048    839.001    839.000    35.5465    26.9766    12.1923    1512.53    1512.52      1.222         19 0.0000e+00
      26110 205.419096   1087.883    847.931    12.2878    12.2888     0.0010   4.121180   4.119724       0.67          1  -0.001324    840.005    840.000    35.5439    26.9785    12.1719    1512.48    1512.46      1.125         22 0.0000e+00
      26135 205.419108   1088.928    848.943    12.2729    12.2735     0.0007   4.119533   4.118024       0.60          1  -0.001414    841.007    841.000    35.5416    26.9797    12.1570    1512.44    1512.42      0.842         30 0.0000e+00
      26168 205.419124   1090.295    849.954    12.2554    12.2566     0.0012   4.117597   4.116149       0.90          1  -0.001292    841.994    842.000    35.5389    26.9809    12.1395    1512.39    1512.38      0.809         31 0.0000e+00
      26194 205.419136   1091.361    850.966    12.2310    12.2320     0.0011   4.114966   4.113515       0.92          1  -0.001301    842.995    843.000    35.5362    26.9835    12.1150    1512.32    1512.31      1.077         22 0.0000e+00
      26214 205.419146   1092.229    851.977    12.2178    12.2184     0.0006   4.113548   4.112043       0.63          1  -0.001404    844.000    844.000    35.5345    26.9848    12.1018    1512.29    1512.28      1.162         20 0.0000e+00
      26236 205.419156   1093.116    852.989    12.2066    12.2071     0.0004   4.112321   4.110817       0.94          1  -0.001412    845.003    845.000    35.5327    26.9856    12.0905    1512.27    1512.26      1.076         23 0.0000e+00
      26260 205.419168   1094.132    854.000    12.1812    12.1845     0.0033   4.109509   4.108307       0.79          1  -0.000956    846.002    846.000    35.5290    26.9876    12.0651    1512.20    1512.19      0.968         26 0.0000e+00
      26285 205.419180   1095.180    855.012    12.1591    12.1592     0.0001   4.107181   4.105632       0.72          1  -0.001432    846.997    847.000    35.5270    26.9903    12.0430    1512.14    1512.12      1.024         23 0.0000e+00
      26308 205.419191   1096.109    856.023    12.1481    12.1483     0.0002   4.106024   4.104502       0.64          1  -0.001450    847.998    848.000    35.5257    26.9915    12.0319    1512.11    1512.10      1.124         22 0.0000e+00
      26329 205.419201   1096.990    857.035    12.1428    12.1429     0.0002   4.105489   4.103964       0.85          1  -0.001479    849.001    849.000    35.5251    26.9920    12.0265    1512.11    1512.09      1.117         21 0.0000e+00
      26351 205.419212   1097.934    858.046    12.1322    12.1333     0.0012   4.104367   4.102936       0.64          1  -0.001318    850.002    850.000    35.5238    26.9931    12.0158    1512.09    1512.08      1.030         24 0.0000e+00
      26376 205.419224   1098.949    859.058    12.1197    12.1199     0.0002   4.103053   4.101538       1.16          1  -0.001436    850.998    851.000    35.5225    26.9945    12.0033    1512.06    1512.05      1.015         24 0.0000e+00
      26399 205.419235   1099.914    860.070    12.1110    12.1113     0.0003   4.102170   4.100648       0.67          1  -0.001472    852.000    852.000    35.5216    26.9955    11.9945    1512.05    1512.03      1.062         23 0.0000e+00
      26422 205.419246   1100.872    861.081    12.1080    12.1078    -0.0002   4.101905   4.100327       0.69          1  -0.001564    853.003    853.000    35.5215    26.9960    11.9914    1512.06    1512.04      1.003         24 0.0000e+00
      26448 205.419259   1101.953    862.093    12.1071    12.1068    -0.0003   4.101850   4.100264       0.80          1  -0.001577    854.001    854.000    35.5214    26.9961    11.9903    1512.07    1512.05      0.899         27 0.0000e+00
      26475 205.419272   1103.102    863.104    12.1040    12.1041     0.0001   4.101565   4.100013      28.65          1  -0.001522    854.998    855.000    35.5211    26.9965    11.9871    1512.08    1512.06      0.899         27 0.0000e+00
      26501 205.419285   1104.186    864.116    12.0979    12.0983     0.0004   4.100935   4.099427       6.90          1  -0.001456    855.998    856.000    35.5204    26.9971    11.9809    1512.07    1512.05      0.986         25 0.0000e+00
      26525 205.419296   1105.154    865.127    12.0640    12.0687     0.0046   4.097263   4.096118       0.68          1  -0.000645    856.995    857.000    35.5163    27.0005    11.9471    1511.97    1511.96      1.121         22 0.0000e+00
      26545 205.419306   1105.999    866.139    12.0147    12.0173     0.0026   4.091990   4.090697       1.06          1  -0.000994    857.998    858.000    35.5113    27.0060    11.8979    1511.81    1511.80      1.255         19 0.0000e+00
      26564 205.419315   1106.771    867.151    11.9711    11.9751     0.0040   4.087263   4.086093       0.72          1  -0.000708    859.001    859.000    35.5062    27.0103    11.8545    1511.67    1511.67      1.294         18 0.0000e+00
      26583 205.419324   1107.570    868.162    11.9532    11.9538     0.0006   4.085389   4.083918       0.80          1  -0.001400    860.007    860.000    35.5045    27.0124    11.8365    1511.62    1511.61      1.132         21 0.0000e+00
      26612 205.419338   1108.794    869.174    11.9491    11.9492     0.0001   4.084969   4.083445      15.15          1  -0.001508    861.005    861.000    35.5038    27.0127    11.8323    1511.63    1511.61      0.693         40 0.0000e+00
      26648 205.419355   1110.297    870.185    11.9458    11.9461     0.0003   4.084650   4.083159      -0.01          1  -0.001458    861.990    862.000    35.5034    27.0131    11.8289    1511.63    1511.61      0.930         26 0.0000e+00
