test_data/proc/CTD02.ros
* Sea-Bird SBE 9 Data File:
* FileName = D:\ctd\raw\CTD02.hdr
* Software Version Seasave V 7.27.0.46
* Temperature SN = 4695
* Conductivity SN = 0618
* Number of Bytes Per Scan = 40
* Number of Voltage Words = 5
* Number of Scans Averaged by the Deck Unit = 1
* NMEA Latitude = 36 15.00 N
* NMEA Longitude = 066 35.03 W
* NMEA UTC (Time) = Jul 24 2025  08:39:22
* NMEA baud rate = 4800
** Ship: R/V Endeavor
** Cruise: EN734
** Principal Investigators: Bess Ward
** Chief_Scientist: Bess Ward
** Project: Nitrous Oxide Consumption in Surface Waters
** Cruise Start Date: 21 July 2025
** Ports: Narragansett to Narragansett, Rhode Island
** Bottom Depth:
** Operator:  JCH
# nquan = 15
# nvalues = 588                                   
# units = specified
# name 0 = scan: Scan Count
# name 1 = timeJ: Julian Days
# name 2 = timeS: Time, Elapsed [seconds]
# name 3 = prDM: Pressure, Digiquartz [db]
# name 4 = t090C: Temperature [ITS-90, deg C]
# name 5 = t190C: Temperature, 2 [ITS-90, deg C]
# name 6 = T2-T190C: Temperature Difference, 2 - 1 [ITS-90, deg C]
# name 7 = c0S/m: Conductivity [S/m]
# name 8 = c1S/m: Conductivity, 2 [S/m]
# name 9 = altM: Altimeter [m]
# name 10 = pumps: Pump Status
# name 11 = C2-C1S/m: Conductivity Difference, 2 - 1 [S/m]
# name 12 = depSM: Depth [salt water, m]
# name 13 = nbf: Bottles Fired
# name 14 = flag:  0.000e+00
# interval = seconds: 0.0416667
# start_time = Jul 24 2025 08:39:25 [System UTC, header]
# bad_flag = -9.990e-29
*END*
      12368 205.366670    515.292      4.860    27.5215    27.5207    -0.0008   5.756351   5.754712       0.90          1  -0.001639      4.824          1  0.000e+00
      12369 205.366671    515.333      4.920    27.5211    27.5201    -0.0010   5.756330   5.754667       0.90          1  -0.001664      4.884          1  0.000e+00
      12370 205.366671    515.375      4.929    27.5213    27.5204    -0.0008   5.756393   5.754575       0.90          1  -0.001817      4.893          1  0.000e+00
      12371 205.366671    515.417      4.920    27.5211    27.5207    -0.0004   5.756376   5.754575       0.90          1  -0.001801      4.884          1  0.000e+00
      12372 205.366672    515.458      4.851    27.5213    27.5204    -0.0008   5.756364   5.754621       0.78          1  -0.001743      4.816          1  0.000e+00
      12373 205.366672    515.500      4.929    27.5209    27.5204    -0.0005   5.756393   5.754621       0.63          1  -0.001772      4.893          1  0.000e+00
      12374 205.366673    515.542      4.851    27.5211    27.5204    -0.0007   5.756380   5.754621       0.59          1  -0.001759      4.816          1  0.000e+00
      12375 205.366673    515.583      4.990    27.5209    27.5203    -0.0007   5.756364   5.754576       0.61          1  -0.001788      4.953          1  0.000e+00
      12376 205.366674    515.625      4.920    27.5213    27.5201    -0.0012   5.756297   5.754575       0.61          1  -0.001721      4.884          1  0.000e+00
      12377 205.366674    515.667      4.929    27.5211    27.5199    -0.0012   5.756339   5.754575       0.61          1  -0.001763      4.893          1  0.000e+00
      12378 205.366675    515.708      4.920    27.5209    27.5197    -0.0012   5.756368   5.754568       0.54          1  -0.001800      4.884          1  0.000e+00
      12379 205.366675    515.750      4.990    27.5206    27.5197    -0.0008   5.756334   5.754621       0.49          1  -0.001713      4.953          1  0.000e+00
      12380 205.366676    515.792      4.920    27.5204    27.5195    -0.0008   5.756322   5.754522       0.46          1  -0.001799      4.884          1  0.000e+00
      12381 205.366676    515.833      4.981    27.5202    27.5199    -0.0003   5.756222   5.754621       0.49          1  -0.001600      4.944          1  0.000e+00
      12382 205.366677    515.875      4.990    27.5202    27.5201    -0.0001   5.756255   5.754522       0.49          1  -0.001733      4.953          1  0.000e+00
      12383 205.366677    515.917      4.981    27.5202    27.5207     0.0005   5.756284   5.754621       0.49          1  -0.001663      4.944          1  0.000e+00
      12384 205.366678    515.958      4.929    27.5202    27.5207     0.0005   5.754758   5.754712       0.59          1  -0.000046      4.893          1  0.000e+00
      12385 205.366678    516.000      4.981    27.5198    27.5208     0.0010   5.755486   5.754621       0.71          1  -0.000865      4.944          1  0.000e+00
      12386 205.366679    516.042      5.059    27.5198    27.5210     0.0012   5.756146   5.754712       0.73          1  -0.001434      5.022          1  0.000e+00
      12387 205.366679    516.083      4.981    27.5198    27.5207     0.0009   5.756234   5.754712       0.73          1  -0.001522      4.944          1  0.000e+00
      12388 205.366680    516.125      4.981    27.5198    27.5208     0.0010   5.756272   5.754712       0.73          1  -0.001560      4.944          1  0.000e+00
      12389 205.366680    516.167      4.989    27.5196    27.5208     0.0012   5.756276   5.754667       0.73          1  -0.001609      4.953          1  0.000e+00
      12390 205.366681    516.208      5.050    27.5193    27.5208     0.0015   5.756213   5.754667       0.61          1  -0.001547      5.013          1  0.000e+00
      12391 205.366681    516.250      4.989    27.5194    27.5208     0.0014   5.756125   5.754712       0.49          1  -0.001413      4.953          1  0.000e+00
      12392 205.366682    516.292      5.050    27.5196    27.5207     0.0010   5.756176   5.754667       0.49          1  -0.001509      5.013          1  0.000e+00
      12393 205.366682    516.333      5.059    27.5191    27.5207     0.0016   5.756192   5.754667       0.49          1  -0.001526      5.021          1  0.000e+00
      12394 205.366683    516.375      5.050    27.5193    27.5208     0.0016   5.756159   5.754712       0.49          1  -0.001447      5.013          1  0.000e+00
      12395 205.366683    516.417      4.989    27.5193    27.5206     0.0014   5.756150   5.754667       0.49          1  -0.001484      4.953          1  0.000e+00
      12396 205.366684    516.458      5.050    27.5193    27.5210     0.0017   5.756180   5.754667       0.59          1  -0.001513      5.013          1  0.000e+00
      12397 205.366684    516.500      5.050    27.5194    27.5207     0.0012   5.756197   5.754667       0.68          1  -0.001530      5.013          1  0.000e+00
      12398 205.366685    516.542      5.059    27.5194    27.5207     0.0012   5.756192   5.754621       0.71          1  -0.001571      5.021          1  0.000e+00
      12399 205.366685    516.583      5.050    27.5193    27.5204     0.0012   5.756192   5.754667       0.71          1  -0.001526      5.013          1  0.000e+00
      12400 205.366685    516.625      5.059    27.5193    27.5201     0.0008   5.756159   5.754621       0.71          1  -0.001538      5.021          1  0.000e+00
      12401 205.366686    516.667      5.110    27.5197    27.5201     0.0004   5.756188   5.754667       0.71          1  -0.001522      5.073          1  0.000e+00
      12402 205.366686    516.708      5.059    27.5194    27.5201     0.0006   5.756226   5.754576       0.68          1  -0.001650      5.021          1  0.000e+00
      12403 205.366687    516.750      5.050    27.5196    27.5204     0.0008   5.756234   5.754576       0.66          1  -0.001659      5.013          1  0.000e+00
      12404 205.366687    516.792      4.929    27.5198    27.5203     0.0005   5.756201   5.754621       0.66          1  -0.001580      4.893          1  0.000e+00
      12405 205.366688    516.833      5.240    27.5196    27.5204     0.0008   5.756192   5.754621       0.66          1  -0.001571      5.202          1  0.000e+00
      12406 205.366688    516.875      5.110    27.5197    27.5201     0.0004   5.756167   5.754667       0.66          1  -0.001501      5.073          1  0.000e+00
      12407 205.366689    516.917      5.059    27.5196    27.5199     0.0003   5.756184   5.754667       0.66          1  -0.001517      5.021          1  0.000e+00
      12408 205.366689    516.958      5.050    27.5198    27.5199     0.0001   5.756222   5.754621       0.71          1  -0.001600      5.013          1  0.000e+00
      12409 205.366690    517.000      5.119    27.5198    27.5199     0.0001   5.756263   5.754522       0.73          1  -0.001741      5.081          1  0.000e+00
      12410 205.366690    517.042      5.050    27.5196    27.5199     0.0003   5.756284   5.754576       0.73          1  -0.001709      5.013          1  0.000e+00
      12411 205.366691    517.083      5.119    27.5197    27.5197     0.0001   5.756213   5.754621       0.73          1  -0.001592      5.081          1  0.000e+00
      12412 205.366691    517.125      5.050    27.5196    27.5199     0.0003   5.756222   5.754522       0.73          1  -0.001699      5.013          1  0.000e+00
      12413 205.366692    517.167      5.050    27.5196    27.5199     0.0003   5.756171   5.754621       0.73          1  -0.001550      5.013          1  0.000e+00
      12414 205.366692    517.208      5.119    27.5193    27.5199     0.0006   5.756188   5.754621       0.93          1  -0.001567      5.081          1  0.000e+00
      12415 205.366693    517.250      5.050    27.5196    27.5197     0.0001   5.756226   5.754667       1.12          1  -0.001559      5.013          1  0.000e+00
      12416 205.366693    517.292      5.119    27.5196    27.5197     0.0001   5.756234   5.754576       1.17          1  -0.001659      5.081          1  0.000e+00
      12879 205.366916    536.583      4.917    27.5244    27.5254     0.0010   5.756698   5.755137       0.73          1  -0.001561      4.881          2  0.000e+00
      12880 205.366917    536.625      4.796    27.5244    27.5256     0.0012   5.756673   5.755091       0.76          1  -0.001581      4.761          2  0.000e+00
      12881 205.366917    536.667      4.848    27.5242    27.5254     0.0012   5.756598   5.755137       0.76          1  -0.001461      4.812          2  0.000e+00
      12882 205.366918    536.708      4.926    27.5242    27.5250     0.0008   5.756614   5.755092       0.71          1  -0.001523      4.890          2  0.000e+00
      12883 205.366918    536.750      4.917    27.5244    27.5252     0.0008   5.756623   5.755092       0.66          1  -0.001531      4.881          2  0.000e+00
      12884 205.366919    536.792      4.796    27.5240    27.5252     0.0012   5.756685   5.755183       0.63          1  -0.001503      4.761          2  0.000e+00
      12885 205.366919    536.833      4.917    27.5238    27.5250     0.0012   5.756577   5.755092       0.63          1  -0.001485      4.881          2  0.000e+00
      12886 205.366920    536.875      4.917    27.5238    27.5250     0.0012   5.756573   5.755000       0.63          1  -0.001572      4.881          2  0.000e+00
      12887 205.366920    536.917      4.857    27.5237    27.5250     0.0014   5.756577   5.755091       0.63          1  -0.001485      4.821          2  0.000e+00
      12888 205.366921    536.958      4.848    27.5233    27.5250     0.0017   5.756543   5.755091       0.81          1  -0.001452      4.812          2  0.000e+00
      12889 205.366921    537.000      4.926    27.5233    27.5250     0.0017   5.756502   5.755046       0.98          1  -0.001456      4.890          2  0.000e+00
      12890 205.366922    537.042      4.787    27.5231    27.5252     0.0021   5.756531   5.755091       1.00          1  -0.001439      4.752          2  0.000e+00
      12891 205.366922    537.083      4.857    27.5230    27.5252     0.0023   5.756535   5.755091       1.00          1  -0.001443      4.821          2  0.000e+00
      12892 205.366923    537.125      4.848    27.5228    27.5252     0.0024   5.756501   5.755091       1.00          1  -0.001410      4.812          2  0.000e+00
      12893 205.366923    537.167      4.857    27.5230    27.5254     0.0024   5.756426   5.755091       1.00          1  -0.001335      4.821          2  0.000e+00
      12894 205.366924    537.208      4.848    27.5231    27.5250     0.0019   5.756501   5.755091       0.76          1  -0.001410      4.812          2  0.000e+00
      12895 205.366924    537.250      4.917    27.5230    27.5250     0.0021   5.756573   5.755092       0.49          1  -0.001481      4.881          2  0.000e+00
      12896 205.366925    537.292      4.857    27.5231    27.5248     0.0017   5.756485   5.755091       0.42          1  -0.001393      4.821          2  0.000e+00
      12897 205.366925    537.333      4.848    27.5230    27.5250     0.0021   5.756577   5.755137       0.42          1  -0.001440      4.812          2  0.000e+00
      12898 205.366926    537.375      4.857    27.5230    27.5249     0.0019   5.756556   5.755091       0.44          1  -0.001464      4.821          2  0.000e+00
      12899 205.366926    537.417      4.848    27.5233    27.5249     0.0016   5.756539   5.755091       0.44          1  -0.001448      4.812          2  0.000e+00
      12900 205.366927    537.458      4.857    27.5233    27.5247     0.0014   5.756568   5.755091       0.51          1  -0.001477      4.821          2  0.000e+00
      12901 205.366927    537.500      4.917    27.5238    27.5245     0.0006   5.756610   5.754993       0.61          1  -0.001617      4.881          2  0.000e+00
      12902 205.366928    537.542      4.848    27.5248    27.5245    -0.0003   5.756623   5.755046       0.63          1  -0.001577      4.812          2  0.000e+00
      12903 205.366928    537.583      4.856    27.5251    27.5245    -0.0006   5.756723   5.755000       0.61          1  -0.001723      4.821          2  0.000e+00
      12904 205.366929    537.625      4.848    27.5259    27.5245    -0.0014   5.756786   5.755046       0.61          1  -0.001740      4.812          2  0.000e+00
      12905 205.366929    537.667      4.926    27.5264    27.5246    -0.0018   5.756857   5.754993       0.61          1  -0.001864      4.889          2  0.000e+00
      12906 205.366929    537.708      4.848    27.5261    27.5245    -0.0016   5.756782   5.755000       0.56          1  -0.001781      4.812          2  0.000e+00
      12907 205.366930    537.750      4.856    27.5257    27.5247    -0.0010   5.756727   5.755046       0.51          1  -0.001681      4.821          2  0.000e+00
      12908 205.366930    537.792      4.917    27.5255    27.5245    -0.0010   5.756706   5.755000       0.51          1  -0.001706      4.881          2  0.000e+00
      12909 205.366931    537.833      4.856    27.5253    27.5243    -0.0010   5.756802   5.755091       0.51          1  -0.001711      4.821          2  0.000e+00
      12910 205.366931    537.875      4.917    27.5262    27.5241    -0.0021   5.756899   5.755038       0.51          1  -0.001860      4.881          2  0.000e+00
      12911 205.366932    537.917      4.917    27.5279    27.5239    -0.0040   5.757057   5.755000       0.51          1  -0.002057      4.881          2  0.000e+00
      12912 205.366932    537.958      4.856    27.5295    27.5239    -0.0056   5.757128   5.755000       0.68          1  -0.002128      4.821          2  0.000e+00
      12913 205.366933    538.000      4.917    27.5301    27.5239    -0.0062   5.757170   5.754947       0.88          1  -0.002223      4.881          2  0.000e+00
      12914 205.366933    538.042      4.856    27.5305    27.5238    -0.0067   5.757246   5.754947       0.90          1  -0.002298      4.821          2  0.000e+00
      12915 205.366934    538.083      4.917    27.5310    27.5241    -0.0069   5.757338   5.754902       0.90          1  -0.002436      4.881          2  0.000e+00
      12916 205.366934    538.125      4.926    27.5312    27.5245    -0.0066   5.757321   5.754947       0.90          1  -0.002373      4.889          2  0.000e+00
      12917 205.366935    538.167      4.917    27.5312    27.5247    -0.0065   5.757371   5.755000       0.88          1  -0.002371      4.881          2  0.000e+00
      12918 205.366935    538.208      4.926    27.5308    27.5246    -0.0062   5.757363   5.755046      47.79          1  -0.002317      4.889          2  0.000e+00
      12919 205.366936    538.250      4.917    27.5305    27.5247    -0.0058   5.757292   5.755038      94.14          1  -0.002253      4.881          2  0.000e+00
      12920 205.366936    538.292      4.917    27.5304    27.5247    -0.0058   5.757204   5.755046     100.00          1  -0.002158      4.881          2  0.000e+00
      12921 205.366937    538.333      4.986    27.5294    27.5252    -0.0041   5.757083   5.754947     100.00          1  -0.002135      4.949          2  0.000e+00
      12922 205.366937    538.375      4.917    27.5279    27.5254    -0.0025   5.757053   5.755092     100.00          1  -0.001962      4.881          2  0.000e+00
      12923 205.366938    538.417      4.926    27.5275    27.5256    -0.0019   5.757024   5.755137      99.73          1  -0.001887      4.889          2  0.000e+00
      12924 205.366938    538.458      4.917    27.5277    27.5260    -0.0017   5.757041   5.755137      55.16          1  -0.001904      4.881          2  0.000e+00
      12925 205.366939    538.500      4.986    27.5281    27.5265    -0.0016   5.757053   5.755137       7.42          1  -0.001916      4.949          2  0.000e+00
