test_data/proc/CTD03_avg.cnv
* Sea-Bird SBE 9 Data File:
* FileName = D:\ctd\raw\CTD03.hdr
* Software Version Seasave V 7.27.0.46
* Temperature SN = 4695
* Conductivity SN = 0618
* Number of Bytes Per Scan = 40
* Number of Voltage Words = 5
* Number of Scans Averaged by the Deck Unit = 1
* NMEA Latitude = 36 15.03 N
* NMEA Longitude = 066 35.01 W
* NMEA UTC (Time) = Jul 24 2025  09:45:19
* NMEA baud rate = 4800
** Ship: R/V Endeavor
** Cruise: EN734
** Principal Investigators: Bess Ward
** Chief_Scientist: Bess Ward
** Project: Nitrous Oxide Consumption in Surface Waters
** Cruise Start Date: 21 July 2025
** Ports: Narragansett to Narragansett, Rhode Island
** Bottom Depth:
** Operator:
# nquan = 22
# nvalues = 1921                        
# units = specified
# name 0 = scan: Scan Count
# name 1 = timeJ: Julian Days
# name 2 = timeS: Time, Elapsed [seconds]
# name 3 = prDM: Pressure, Digiquartz [db]
# name 4 = t090C: Temperature [ITS-90, deg C]
# name 5 = t190C: Temperature, 2 [ITS-90, deg C]
# name 6 = T2-T190C: Temperature Difference, 2 - 1 [ITS-90, deg C]
# name 7 = c0S/m: Conductivity [S/m]
# name 8 = c1S/m: Conductivity, 2 [S/m]
# name 9 = altM: Altimeter [m]
# name 10 = pumps: Pump Status
# name 11 = C2-C1S/m: Conductivity Difference, 2 - 1 [S/m]
# name 12 = depSM: Depth [salt water, m]
# name 13 = depSM: Depth [salt water, m], lat = 36.2505
# name 14 = sal00: Salinity, Practical [PSU]
# name 15 = sigma-é00: Density [sigma-theta, kg/m^3]
# name 16 = potemp090C: Potential Temperature [ITS-90, deg C]
# name 17 = svCM: Sound Velocity [Chen-Millero, m/s]
# name 18 = svCM1: Sound Velocity, 2 [Chen-Millero, m/s]
# name 19 = dz/dtM: Descent Rate [m/s], WS = 2
# name 20 = nbin: number of scans per bin
# name 21 = flag: flag
# span 0 =       2010,      55457       
# span 1 = 205.407474, 205.433249       
# span 2 =     83.720,   2310.686       
# span 3 =      8.059,   1951.297       
# span 4 =     4.0417,    27.5183       
# span 5 =     4.0415,    27.5183       
# span 6 =    -0.0068,     0.0412       
# span 7 =   3.342194,   5.757237       
# span 8 =   3.340976,   5.755629       
# span 9 =      -0.07,      42.71       
# span 10 =          1,          1      
# span 11 =  -0.003124,   0.003013      
# span 12 =      8.000,   1928.005      
# span 13 =      8.000,   1928.000      
# span 14 =    34.9828,    36.7668      
# span 15 =    23.5390,    27.7863      
# span 16 =     3.8785,    27.5143      
# span 17 =    1493.48,    1542.05      
# span 18 =    1493.46,    1542.04      
# span 19 =     -0.226,      1.429      
# span 20 =         16,       2677      
# span 21 = 0.0000e+00, 0.0000e+00      
# interval = meters: 1                  
# start_time = Jul 24 2025 09:45:22 [System UTC, header]
# bad_flag = -9.990e-29
*END*
[from data line 396]
      15684 205.414068    653.465    407.384    18.3043    18.3045     0.0002   4.822236   4.820381       0.98          1  -0.001808    404.002    404.000    36.5641    26.4125    18.2324    1525.22    1525.20      0.998         24 0.0000e+00
      15710 205.414080    654.549    408.393    18.2985    18.2988     0.0003   4.821556   4.819721       0.73          1  -0.001790    405.002    405.000    36.5631    26.4132    18.2266    1525.22    1525.20      0.873         28 0.0000e+00
      15739 205.414095    655.770    409.402    18.2917    18.2919     0.0002   4.820747   4.818903       1.08          1  -0.001795    405.997    406.000    36.5619    26.4141    18.2195    1525.22    1525.20      0.854         29 0.0000e+00
      15766 205.414107    656.863    410.412    18.2769    18.2777     0.0009   4.818947   4.817190      27.34          1  -0.001606    406.994    407.000    36.5593    26.4158    18.2046    1525.19    1525.17      1.045         23 0.0000e+00
      15787 205.414117    657.739    411.421    18.2705    18.2705    -0.0000   4.818310   4.816446       0.57          1  -0.001849    407.997    408.000    36.5591    26.4173    18.1981    1525.19    1525.17      1.214         20 0.0000e+00
      15806 205.414127    658.533    412.431    18.2695    18.2694    -0.0001   4.818233   4.816352       0.61          1  -0.001874    409.002    409.000    36.5590    26.4175    18.1969    1525.20    1525.18      1.247         19 0.0000e+00
      15826 205.414136    659.369    413.440    18.2687    18.2688     0.0001   4.818183   4.816330       0.68          1  -0.001842    410.007    410.000    36.5589    26.4177    18.1959    1525.21    1525.20      1.079         22 0.0000e+00
      15855 205.414150    660.585    414.449    18.2665    18.2667     0.0002   4.817974   4.816121       0.92          1  -0.001845    411.003    411.000    36.5587    26.4181    18.1936    1525.22    1525.21      0.714         37 0.0000e+00
      15890 205.414167    662.031    415.459    18.2649    18.2649    -0.0001   4.817824   4.815948       0.66          1  -0.001863    411.992    412.000    36.5585    26.4184    18.1918    1525.24    1525.22      0.882         28 0.0000e+00
      15913 205.414178    662.982    416.468    18.2630    18.2630    -0.0001   4.817641   4.815786       0.72          1  -0.001832    412.996    413.000    36.5582    26.4187    18.1897    1525.25    1525.23      1.184         20 0.0000e+00
      15931 205.414187    663.766    417.477    18.2553    18.2559     0.0006   4.816743   4.814942       0.77          1  -0.001692    413.998    414.000    36.5570    26.4198    18.1818    1525.24    1525.22      1.306         18 0.0000e+00
      15950 205.414196    664.529    418.487    18.2487    18.2489     0.0002   4.815988   4.814155       0.72          1  -0.001793    415.005    415.000    36.5561    26.4208    18.1750    1525.24    1525.22      1.262         19 0.0000e+00
      15970 205.414206    665.386    419.496    18.2472    18.2472     0.0000   4.815851   4.814000       0.81          1  -0.001839    416.006    416.000    36.5559    26.4210    18.1733    1525.25    1525.23      1.065         23 0.0000e+00
      15997 205.414219    666.498    420.506    18.2413    18.2417     0.0003   4.815191   4.813361       0.82          1  -0.001772    417.002    417.000    36.5551    26.4219    18.1674    1525.25    1525.23      0.843         30 0.0000e+00
      16026 205.414233    667.724    421.515    18.2365    18.2362    -0.0003   4.814659   4.812763       0.81          1  -0.001880    417.996    418.000    36.5545    26.4227    18.1624    1525.25    1525.23      0.904         27 0.0000e+00
      16050 205.414244    668.724    422.525    18.2336    18.2338     0.0002   4.814367   4.812519       0.79          1  -0.001826    418.994    419.000    36.5542    26.4232    18.1593    1525.26    1525.24      1.141         21 0.0000e+00
      16070 205.414254    669.532    423.534    18.2324    18.2323    -0.0001   4.814258   4.812406       0.88          1  -0.001842    419.999    420.000    36.5540    26.4234    18.1579    1525.27    1525.25      1.276         18 0.0000e+00
      16088 205.414263    670.311    424.543    18.2299    18.2302     0.0003   4.814008   4.812192       0.75          1  -0.001785    421.005    421.000    36.5537    26.4239    18.1552    1525.28    1525.26      1.220         20 0.0000e+00
      16110 205.414273    671.222    425.553    18.2266    18.2268     0.0002   4.813729   4.811884       0.76          1  -0.001828    422.006    422.000    36.5538    26.4248    18.1518    1525.29    1525.27      0.991         25 0.0000e+00
      16139 205.414287    672.413    426.562    18.2253    18.2251    -0.0002   4.813676   4.811785       0.69          1  -0.001894    423.000    423.000    36.5541    26.4254    18.1503    1525.30    1525.28      0.815         31 0.0000e+00
      16168 205.414301    673.614    427.572    18.2227    18.2226    -0.0001   4.813391   4.811512      17.81          1  -0.001830    423.997    424.000    36.5536    26.4258    18.1475    1525.31    1525.29      0.911         26 0.0000e+00
      16193 205.414313    674.656    428.581    18.2188    18.2188    -0.0001   4.812996   4.811132       7.24          1  -0.001857    424.999    425.000    36.5533    26.4266    18.1435    1525.32    1525.30      1.000         24 0.0000e+00
      16216 205.414324    675.637    429.591    18.2149    18.2151     0.0001   4.812653   4.810827       0.73          1  -0.001794    425.998    426.000    36.5535    26.4277    18.1394    1525.32    1525.30      1.059         23 0.0000e+00
      16238 205.414335    676.561    430.600    18.2052    18.2055     0.0003   4.811548   4.809714       0.69          1  -0.001749    426.999    427.000    36.5523    26.4293    18.1295    1525.31    1525.29      1.114         22 0.0000e+00
      16260 205.414346    677.453    431.610    18.2024    18.2025     0.0001   4.811300   4.809456       0.72          1  -0.001824    428.000    428.000    36.5523    26.4300    18.1266    1525.32    1525.30      1.126         21 0.0000e+00
      16282 205.414356    678.359    432.619    18.1998    18.1997    -0.0001   4.811078   4.809210       0.69          1  -0.001861    429.002    429.000    36.5524    26.4308    18.1237    1525.33    1525.31      1.099         22 0.0000e+00
      16304 205.414367    679.287    433.629    18.1993    18.1994     0.0000   4.811099   4.809241      28.22          1  -0.001851    430.000    430.000    36.5526    26.4311    18.1231    1525.34    1525.32      1.097         22 0.0000e+00
      16326 205.414377    680.203    434.638    18.1963    18.1962    -0.0001   4.810799   4.808932       0.80          1  -0.001833    431.002    431.000    36.5523    26.4316    18.1200    1525.35    1525.33      1.072         23 0.0000e+00
      16350 205.414389    681.199    435.648    18.1908    18.1910     0.0002   4.810146   4.808315       0.60          1  -0.001783    432.004    432.000    36.5512    26.4323    18.1143    1525.35    1525.33      0.937         26 0.0000e+00
      16378 205.414402    682.370    436.657    18.1834    18.1836     0.0002   4.809209   4.807364      22.51          1  -0.001752    432.998    433.000    36.5495    26.4328    18.1067    1525.34    1525.32      0.879         28 0.0000e+00
      16404 205.414415    683.442    437.667    18.1730    18.1731     0.0001   4.807917   4.806082       0.28          1  -0.001787    433.996    434.000    36.5473    26.4338    18.0961    1525.33    1525.31      1.031         23 0.0000e+00
      16426 205.414425    684.356    438.676    18.1674    18.1676     0.0002   4.807264   4.805439       0.74          1  -0.001771    435.000    435.000    36.5463    26.4345    18.0904    1525.33    1525.31      1.123         22 0.0000e+00
      16447 205.414436    685.243    439.686    18.1625    18.1627     0.0002   4.806699   4.804882       0.62          1  -0.001760    436.000    436.000    36.5455    26.4351    18.0853    1525.33    1525.31      1.137         21 0.0000e+00
      16468 205.414446    686.132    440.695    18.1564    18.1564    -0.0000   4.805965   4.804113       0.78          1  -0.001809    437.001    437.000    36.5443    26.4357    18.0791    1525.32    1525.31      1.120         21 0.0000e+00
      16490 205.414457    687.059    441.705    18.1528    18.1529     0.0001   4.805552   4.803700       0.68          1  -0.001827    438.004    438.000    36.5436    26.4361    18.0753    1525.33    1525.31      1.014         24 0.0000e+00
      16517 205.414470    688.169    442.714    18.1504    18.1504     0.0001   4.805258   4.803411       0.67          1  -0.001808    439.000    439.000    36.5429    26.4362    18.0727    1525.34    1525.32      0.870         29 0.0000e+00
      16544 205.414483    689.311    443.724    18.1442    18.1440    -0.0001   4.804504   4.802633       0.74          1  -0.001829    439.995    440.000    36.5415    26.4368    18.0663    1525.34    1525.32      0.989         25 0.0000e+00
      16567 205.414494    690.235    444.734    18.1398    18.1396    -0.0003   4.804010   4.802134       0.81          1  -0.001848    440.997    441.000    36.5408    26.4373    18.0619    1525.34    1525.32      1.143         20 0.0000e+00
      16587 205.414503    691.100    445.743    18.1340    18.1349     0.0009   4.803286   4.801532       0.69          1  -0.001672    442.005    442.000    36.5395    26.4378    18.0558    1525.34    1525.32      1.081         22 0.0000e+00
      16613 205.414516    692.180    446.753    18.1318    18.1318    -0.0000   4.803042   4.801206       0.72          1  -0.001855    443.004    443.000    36.5389    26.4380    18.0535    1525.35    1525.33      0.842         31 0.0000e+00
      16644 205.414531    693.458    447.762    18.1334    18.1334    -0.0000   4.803297   4.801444       0.67          1  -0.001856    443.993    444.000    36.5393    26.4379    18.0549    1525.37    1525.35      0.894         27 0.0000e+00
      16667 205.414542    694.430    448.772    18.1323    18.1309    -0.0015   4.803180   4.801141       0.74          1  -0.001952    444.994    445.000    36.5388    26.4379    18.0537    1525.38    1525.36      1.174         20 0.0000e+00
      16686 205.414551    695.219    449.781    18.1273    18.1264    -0.0009   4.802550   4.800598       0.79          1  -0.001962    446.003    446.000    36.5375    26.4382    18.0485    1525.38    1525.36      1.253         19 0.0000e+00
      16706 205.414561    696.049    450.791    18.1249    18.1252     0.0003   4.802226   4.800422       0.74          1  -0.001730    447.005    447.000    36.5366    26.4381    18.0459    1525.39    1525.38      1.119         22 0.0000e+00
      16731 205.414573    697.077    451.801    18.1189    18.1188    -0.0001   4.801482   4.799610       0.61          1  -0.001854    448.001    448.000    36.5351    26.4385    18.0398    1525.39    1525.37      0.927         27 0.0000e+00
      16757 205.414585    698.171    452.810    18.1076    18.1079     0.0003   4.799970   4.798143       0.66          1  -0.001635    448.995    449.000    36.5319    26.4389    18.0282    1525.37    1525.35      1.034         24 0.0000e+00
      16778 205.414595    699.049    453.820    18.0948    18.0951     0.0004   4.798335   4.796544       0.68          1  -0.001737    449.997    450.000    36.5290    26.4399    18.0153    1525.35    1525.33      1.202         19 0.0000e+00
      16798 205.414605    699.868    454.829    18.0874    18.0879     0.0004   4.797385   4.795603       0.94          1  -0.001695    451.005    451.000    36.5270    26.4402    18.0078    1525.34    1525.32      1.144         21 0.0000e+00
      16822 205.414617    700.892    455.839    18.0833    18.0834     0.0001   4.796924   4.795087       0.79          1  -0.001833    452.006    452.000    36.5264    26.4408    18.0035    1525.34    1525.33      0.868         30 0.0000e+00
      16854 205.414632    702.195    456.848    18.0835    18.0835    -0.0000   4.797027   4.795176       0.76          1  -0.001852    452.994    453.000    36.5266    26.4410    18.0036    1525.36    1525.34      0.845         29 0.0000e+00
      16879 205.414644    703.235    457.858    18.0825    18.0825    -0.0000   4.796946   4.795098       0.84          1  -0.001837    453.995    454.000    36.5264    26.4412    18.0024    1525.37    1525.36      1.110         21 0.0000e+00
      16899 205.414654    704.066    458.868    18.0810    18.0810    -0.0000   4.796780   4.794941       3.17          1  -0.001820    455.000    455.000    36.5260    26.4413    18.0007    1525.39    1525.37      1.201         20 0.0000e+00
      16919 205.414663    704.928    459.877    18.0782    18.0784     0.0002   4.796470   4.794637      25.61          1  -0.001800    456.005    456.000    36.5254    26.4416    17.9978    1525.40    1525.38      1.077         22 0.0000e+00
      16945 205.414676    705.992    460.887    18.0759    18.0760     0.0001   4.796217   4.794380       0.97          1  -0.001830    457.002    457.000    36.5250    26.4418    17.9953    1525.40    1525.39      0.887         29 0.0000e+00
      16973 205.414689    707.171    461.896    18.0664    18.0671     0.0007   4.794967   4.793235       0.78          1  -0.001603    457.997    458.000    36.5223    26.4422    17.9856    1525.39    1525.37      0.914         27 0.0000e+00
      16997 205.414701    708.186    462.906    18.0456    18.0464     0.0008   4.792301   4.790556       0.74          1  -0.001548    458.995    459.000    36.5177    26.4438    17.9647    1525.34    1525.33      1.092         22 0.0000e+00
      17018 205.414711    709.045    463.916    18.0388    18.0392     0.0004   4.791496   4.789734      32.10          1  -0.001799    460.000    460.000    36.5165    26.4446    17.9578    1525.34    1525.32      1.206         19 0.0000e+00
      17038 205.414721    709.869    464.925    18.0409    18.0422     0.0014   4.791833   4.790205       0.80          1  -0.001613    461.003    461.000    36.5171    26.4446    17.9597    1525.36    1525.35      1.162         21 0.0000e+00
      17061 205.414732    710.824    465.935    18.0401    18.0397    -0.0004   4.791786   4.789881       0.88          1  -0.001879    462.007    462.000    36.5170    26.4448    17.9587    1525.38    1525.36      0.937         26 0.0000e+00
      17091 205.414746    712.072    466.945    18.0385    18.0380    -0.0005   4.791609   4.789696       0.96          1  -0.001910    462.997    463.000    36.5166    26.4449    17.9569    1525.39    1525.37      0.824         31 0.0000e+00
      17117 205.414759    713.176    467.954    18.0352    18.0353     0.0002   4.791202   4.789387       1.00          1  -0.001782    463.992    464.000    36.5156    26.4451    17.9534    1525.39    1525.38      1.076         22 0.0000e+00
      17137 205.414769    714.012    468.964    18.0329    18.0328    -0.0001   4.790968   4.789129       0.69          1  -0.001825    464.998    465.000    36.5152    26.4454    17.9510    1525.40    1525.38      1.260         19 0.0000e+00
      17156 205.414778    714.783    469.974    18.0284    18.0287     0.0003   4.790425   4.788611       1.02          1  -0.001743    466.003    466.000    36.5142    26.4458    17.9463    1525.40    1525.39      1.258         19 0.0000e+00
      17176 205.414787    715.638    470.983    18.0247    18.0250     0.0002   4.790003   4.788200      26.05          1  -0.001793    467.009    467.000    36.5135    26.4462    17.9425    1525.41    1525.39      1.033         23 0.0000e+00
