test_data/proc/CTD01.ros
* Sea-Bird SBE 9 Data File:
* FileName = D:\ctd\raw\CTD01.hdr
* Software Version Seasave V 7.27.0.46
* Temperature SN = 4695
* Conductivity SN = 0618
* Number of Bytes Per Scan = 40
* Number of Voltage Words = 5
* Number of Scans Averaged by the Deck Unit = 1
* NMEA Latitude = 36 40.74 N
* NMEA Longitude = 066 55.59 W
* NMEA UTC (Time) = Jul 23 2025  22:33:38
* NMEA baud rate = 4800
** Ship: R/V Endeavor
** Cruise: EN734
** Principal Investigators: Bess Ward
** Chief_Scientist: Bess Ward
** Project: Nitrous Oxide Consumption in Surface Waters
** Cruise Start Date: 21 July 2025
** Ports: Narragansett to Narragansett, Rhode Island
** Bottom Depth:
** Operator:  JCH
# nquan = 15
# nvalues = 588                                   
# units = specified
# name 0 = scan: Scan Count
# name 1 = timeJ: Julian Days
# name 2 = timeS: Time, Elapsed [seconds]
# name 3 = prDM: Pressure, Digiquartz [db]
# name 4 = t090C: Temperature [ITS-90, deg C]
# name 5 = t190C: Temperature, 2 [ITS-90, deg C]
# name 6 = T2-T190C: Temperature Difference, 2 - 1 [ITS-90, deg C]
# name 7 = c0S/m: Conductivity [S/m]
# name 8 = c1S/m: Conductivity, 2 [S/m]
# name 9 = altM: Altimeter [m]
# name 10 = pumps: Pump Status
# name 11 = C2-C1S/m: Conductivity Difference, 2 - 1 [S/m]
# name 12 = depSM: Depth [salt water, m]
# name 13 = nbf: Bottles Fired
# name 14 = flag:  0.000e+00
# interval = seconds: 0.0416667
# start_time = Jul 23 2025 22:33:41 [System UTC, header]
# bad_flag = -9.990e-29
*END*
[from data line 97]
      14838 204.947213    618.208     11.925    27.4694    27.4688    -0.0005   5.769310   5.767672       0.44          1  -0.001638     11.836          2  0.000e+00
      14979 204.947281    624.083     11.553    27.4703    27.4707     0.0004   5.769364   5.767717       0.42          1  -0.001646     11.468          3  0.000e+00
      14980 204.947282    624.125     11.476    27.4703    27.4705     0.0003   5.769330   5.767862       0.42          1  -0.001469     11.391          3  0.000e+00
      14981 204.947282    624.167     11.605    27.4703    27.4705     0.0003   5.769397   5.767763       0.81          1  -0.001634     11.519          3  0.000e+00
      14982 204.947283    624.208     11.476    27.4704    27.4703    -0.0001   5.769414   5.767763       1.05          1  -0.001651     11.391          3  0.000e+00
      14983 204.947283    624.250     11.614    27.4706    27.4701    -0.0005   5.769410   5.767763       1.10          1  -0.001647     11.528          3  0.000e+00
      14984 204.947283    624.292     11.536    27.4710    27.4703    -0.0007   5.769439   5.767763       1.10          1  -0.001676     11.451          3  0.000e+00
      14985 204.947284    624.333     11.605    27.4710    27.4701    -0.0009   5.769464   5.767809       1.07          1  -0.001656     11.520          3  0.000e+00
      14986 204.947284    624.375     11.484    27.4708    27.4698    -0.0011   5.769422   5.767717       1.10          1  -0.001705     11.399          3  0.000e+00
      14987 204.947285    624.417     11.605    27.4708    27.4701    -0.0007   5.769410   5.767717       1.15          1  -0.001692     11.520          3  0.000e+00
      14988 204.947285    624.458     11.605    27.4708    27.4701    -0.0007   5.769439   5.767763       1.22          1  -0.001676     11.520          3  0.000e+00
      14989 204.947286    624.500     11.605    27.4708    27.4701    -0.0007   5.769464   5.767672       1.22          1  -0.001792     11.520          3  0.000e+00
      14990 204.947286    624.542     11.683    27.4708    27.4701    -0.0007   5.769422   5.767717       1.25          1  -0.001705     11.597          3  0.000e+00
      14991 204.947287    624.583     11.605    27.4704    27.4699    -0.0005   5.769343   5.767717       1.20          1  -0.001625     11.520          3  0.000e+00
      14992 204.947287    624.625     11.605    27.4701    27.4701     0.0000   5.769322   5.767763       1.20          1  -0.001559     11.520          3  0.000e+00
      14993 204.947288    624.667     11.666    27.4691    27.4698     0.0006   5.769205   5.767717       1.05          1  -0.001487     11.580          3  0.000e+00
      14994 204.947288    624.708     11.683    27.4679    27.4699     0.0020   5.769121   5.767763       0.90          1  -0.001358     11.597          3  0.000e+00
      14995 204.947289    624.750     11.666    27.4677    27.4699     0.0022   5.769138   5.767717       0.90          1  -0.001420     11.580          3  0.000e+00
      14996 204.947289    624.792     11.666    27.4677    27.4699     0.0022   5.769096   5.767717       0.90          1  -0.001379     11.580          3  0.000e+00
      14997 204.947290    624.833     11.666    27.4673    27.4698     0.0024   5.769067   5.767717       0.90          1  -0.001349     11.580          3  0.000e+00
      14998 204.947290    624.875     11.744    27.4666    27.4698     0.0032   5.768966   5.767717       0.90          1  -0.001249     11.657          3  0.000e+00
      14999 204.947291    624.917     11.666    27.4660    27.4699     0.0039   5.768899   5.767763       0.68          1  -0.001136     11.580          3  0.000e+00
      15000 204.947291    624.958     11.735    27.4653    27.4701     0.0048   5.768841   5.767717       0.56          1  -0.001123     11.648          3  0.000e+00
      15001 204.947292    625.000     11.796    27.4651    27.4703     0.0052   5.768841   5.767763       0.56          1  -0.001078     11.708          3  0.000e+00
      15002 204.947292    625.042     11.744    27.4653    27.4703     0.0050   5.768816   5.767763       0.54          1  -0.001053     11.657          3  0.000e+00
      15003 204.947293    625.083     11.735    27.4657    27.4705     0.0048   5.768820   5.767809       0.56          1  -0.001011     11.648          3  0.000e+00
      15004 204.947293    625.125     11.796    27.4659    27.4703     0.0045   5.768908   5.767862       0.56          1  -0.001046     11.708          3  0.000e+00
      15005 204.947294    625.167     11.813    27.4660    27.4703     0.0043   5.768870   5.767809       0.66          1  -0.001061     11.726          3  0.000e+00
      15006 204.947294    625.208     11.796    27.4657    27.4701     0.0044   5.768849   5.767809       0.71          1  -0.001041     11.708          3  0.000e+00
      15007 204.947295    625.250     11.856    27.4655    27.4698     0.0043   5.768862   5.767718       0.71          1  -0.001144     11.769          3  0.000e+00
      15008 204.947295    625.292     11.856    27.4659    27.4694     0.0036   5.768753   5.767763       0.71          1  -0.000990     11.769          3  0.000e+00
      15009 204.947296    625.333     11.813    27.4655    27.4688     0.0033   5.768816   5.767718       0.71          1  -0.001098     11.726          3  0.000e+00
      15010 204.947296    625.375     11.856    27.4651    27.4680     0.0028   5.768795   5.767528       0.71          1  -0.001267     11.769          3  0.000e+00
      15011 204.947296    625.417     11.796    27.4651    27.4674     0.0023   5.768766   5.767573       0.66          1  -0.001192     11.708          3  0.000e+00
      15012 204.947297    625.458     11.986    27.4646    27.4672     0.0026   5.768728   5.767429       0.59          1  -0.001299     11.897          3  0.000e+00
      15013 204.947297    625.500     11.874    27.4644    27.4667     0.0023   5.768720   5.767437       0.61          1  -0.001283     11.786          3  0.000e+00
      15014 204.947298    625.542     11.925    27.4644    27.4665     0.0021   5.768732   5.767383       0.59          1  -0.001349     11.837          3  0.000e+00
      15015 204.947298    625.583     11.925    27.4646    27.4665     0.0019   5.768753   5.767338       0.59          1  -0.001415     11.837          3  0.000e+00
      15016 204.947299    625.625     11.925    27.4646    27.4667     0.0021   5.768699   5.767383       0.61          1  -0.001315     11.837          3  0.000e+00
      15017 204.947299    625.667     11.943    27.4646    27.4665     0.0019   5.768720   5.767338       0.66          1  -0.001382     11.854          3  0.000e+00
      15018 204.947300    625.708     11.986    27.4648    27.4665     0.0017   5.768753   5.767338       0.68          1  -0.001415     11.897          3  0.000e+00
      15019 204.947300    625.750     11.925    27.4646    27.4668     0.0022   5.768728   5.767338       0.68          1  -0.001390     11.837          3  0.000e+00
      15020 204.947301    625.792     11.925    27.4648    27.4665     0.0017   5.768686   5.767383       0.68          1  -0.001303     11.837          3  0.000e+00
      15021 204.947301    625.833     12.003    27.4650    27.4665     0.0015   5.768787   5.767437       0.68          1  -0.001350     11.915          3  0.000e+00
      15022 204.947302    625.875     11.986    27.4653    27.4661     0.0008   5.768812   5.767338       0.68          1  -0.001474     11.897          3  0.000e+00
      15023 204.947302    625.917     11.986    27.4650    27.4656     0.0006   5.768808   5.767338       0.66          1  -0.001470     11.897          3  0.000e+00
      15024 204.947303    625.958     11.986    27.4644    27.4656     0.0012   5.768753   5.767292       0.66          1  -0.001461     11.897          3  0.000e+00
      15025 204.947303    626.000     12.003    27.4642    27.4650     0.0008   5.768753   5.767247       0.63          1  -0.001506     11.915          3  0.000e+00
      15026 204.947304    626.042     12.055    27.4648    27.4646    -0.0002   5.768762   5.767194       0.63          1  -0.001568     11.966          3  0.000e+00
      15027 204.947304    626.083     11.986    27.4644    27.4645     0.0001   5.768728   5.767148       0.66          1  -0.001580     11.897          3  0.000e+00
      15145 204.947361    631.000     11.926    27.4734    27.4707    -0.0027   5.769799   5.767809       0.95          1  -0.001990     11.838          4  0.000e+00
      15146 204.947362    631.042     11.987    27.4732    27.4714    -0.0018   5.769833   5.767854       0.95          1  -0.001978     11.898          4  0.000e+00
      15147 204.947362    631.083     11.857    27.4734    27.4718    -0.0016   5.769803   5.767999       0.95          1  -0.001805     11.769          4  0.000e+00
      15148 204.947363    631.125     11.874    27.4734    27.4722    -0.0012   5.769795   5.768044       1.93          1  -0.001751     11.787          4  0.000e+00
      15149 204.947363    631.167     11.926    27.4734    27.4723    -0.0010   5.769808   5.768143      48.23          1  -0.001664     11.838          4  0.000e+00
      15150 204.947364    631.208     11.926    27.4732    27.4723    -0.0009   5.769833   5.768143      78.80          1  -0.001690     11.838          4  0.000e+00
      15151 204.947364    631.250     11.926    27.4732    27.4727    -0.0005   5.769803   5.768143      83.54          1  -0.001660     11.838          4  0.000e+00
      15152 204.947364    631.292     11.874    27.4732    27.4725    -0.0007   5.769795   5.768143      81.49          1  -0.001652     11.787          4  0.000e+00
      15153 204.947365    631.333     11.926    27.4730    27.4727    -0.0003   5.769774   5.768189      80.20          1  -0.001585     11.838          4  0.000e+00
      15154 204.947365    631.375     11.857    27.4730    27.4727    -0.0003   5.769820   5.768189      78.95          1  -0.001631     11.769          4  0.000e+00
      15155 204.947366    631.417     11.857    27.4730    27.4727    -0.0003   5.769774   5.768189      32.72          1  -0.001585     11.769          4  0.000e+00
      15156 204.947366    631.458     11.874    27.4730    27.4727    -0.0003   5.769782   5.768143       2.47          1  -0.001639     11.787          4  0.000e+00
      15157 204.947367    631.500     11.857    27.4730    27.4729    -0.0001   5.769745   5.768189       0.00          1  -0.001556     11.769          4  0.000e+00
      15158 204.947367    631.542     11.857    27.4730    27.4727    -0.0003   5.769715   5.768143       0.00          1  -0.001572     11.769          4  0.000e+00
      15159 204.947368    631.583     11.814    27.4728    27.4725    -0.0003   5.769774   5.768143       1.10          1  -0.001631     11.727          4  0.000e+00
      15160 204.947368    631.625     11.857    27.4730    27.4727    -0.0003   5.769699   5.768189       1.25          1  -0.001510     11.769          4  0.000e+00
      15161 204.947369    631.667     11.797    27.4725    27.4725     0.0000   5.769682   5.768143       0.81          1  -0.001539     11.709          4  0.000e+00
      15162 204.947369    631.708     11.857    27.4725    27.4723    -0.0001   5.769703   5.768090       0.56          1  -0.001613     11.770          4  0.000e+00
      15163 204.947370    631.750     11.814    27.4723    27.4723     0.0000   5.769644   5.768097       0.51          1  -0.001547     11.727          4  0.000e+00
      15164 204.947370    631.792     11.736    27.4723    27.4722    -0.0001   5.769657   5.768044       0.56          1  -0.001613     11.649          4  0.000e+00
      15165 204.947371    631.833     11.797    27.4721    27.4722     0.0001   5.769644   5.768090       0.56          1  -0.001554     11.709          4  0.000e+00
      15166 204.947371    631.875     11.797    27.4723    27.4722    -0.0001   5.769690   5.768097       0.56          1  -0.001593     11.709          4  0.000e+00
      15167 204.947372    631.917     11.814    27.4723    27.4723     0.0000   5.769711   5.768090       0.78          1  -0.001621     11.727          4  0.000e+00
      15168 204.947372    631.958     11.736    27.4725    27.4720    -0.0005   5.769644   5.768044       0.90          1  -0.001600     11.649          4  0.000e+00
      15169 204.947373    632.000     11.797    27.4727    27.4720    -0.0007   5.769669   5.768143       0.90          1  -0.001526     11.709          4  0.000e+00
      15170 204.947373    632.042     11.736    27.4728    27.4723    -0.0005   5.769736   5.767999       0.90          1  -0.001738     11.649          4  0.000e+00
      15171 204.947374    632.083     11.745    27.4725    27.4720    -0.0005   5.769720   5.768044       0.90          1  -0.001675     11.658          4  0.000e+00
      15172 204.947374    632.125     11.736    27.4728    27.4720    -0.0009   5.769711   5.768044       0.90          1  -0.001667     11.649          4  0.000e+00
      15173 204.947375    632.167     11.736    27.4728    27.4720    -0.0009   5.769753   5.768044       0.78          1  -0.001709     11.649          4  0.000e+00
      15174 204.947375    632.208     11.667    27.4727    27.4720    -0.0007   5.769757   5.768044       0.71          1  -0.001713     11.581          4  0.000e+00
      15175 204.947376    632.250     11.745    27.4728    27.4720    -0.0009   5.769690   5.767999       0.71          1  -0.001692     11.658          4  0.000e+00
      15176 204.947376    632.292     11.667    27.4727    27.4720    -0.0007   5.769732   5.768044       0.71          1  -0.001688     11.581          4  0.000e+00
      15177 204.947377    632.333     11.736    27.4727    27.4722    -0.0005   5.769703   5.768090       0.71          1  -0.001613     11.649          4  0.000e+00
      15178 204.947377    632.375     11.615    27.4725    27.4720    -0.0005   5.769673   5.768097       0.71          1  -0.001576     11.529          4  0.000e+00
      15179 204.947378    632.417     11.736    27.4723    27.4722    -0.0001   5.769669   5.768090       0.68          1  -0.001580     11.649          4  0.000e+00
      15180 204.947378    632.458     11.667    27.4723    27.4722    -0.0001   5.769699   5.768097       0.66          1  -0.001601     11.581          4  0.000e+00
      15181 204.947378    632.500     11.667    27.4723    27.4722    -0.0001   5.769690   5.768044       0.66          1  -0.001646     11.581          4  0.000e+00
      15182 204.947379    632.542     11.684    27.4725    27.4722    -0.0003   5.769703   5.768097       0.66          1  -0.001605     11.598          4  0.000e+00
      15183 204.947379    632.583     11.667    27.4725    27.4718    -0.0007   5.769711   5.768044       0.66          1  -0.001667     11.581          4  0.000e+00
      15184 204.947380    632.625     11.667    27.4727    27.4720    -0.0007   5.769678   5.768044       0.66          1  -0.001634     11.581          4  0.000e+00
      15185 204.947380    632.667     11.667    27.4725    27.4718    -0.0007   5.769745   5.768090       0.76          1  -0.001655     11.581          4  0.000e+00
      15186 204.947381    632.708     11.615    27.4728    27.4720    -0.0009   5.769757   5.768044       0.83          1  -0.001713     11.529          4  0.000e+00
      15187 204.947381    632.750     11.667    27.4725    27.4720    -0.0005   5.769719   5.768044       0.83          1  -0.001675     11.581          4  0.000e+00
      15188 204.947382    632.792     11.667    27.4725    27.4718    -0.0007   5.769678   5.768097       0.83          1  -0.001580     11.581          4  0.000e+00
      15189 204.947382    632.833     11.667    27.4725    27.4722    -0.0003   5.769682   5.768044       0.83          1  -0.001638     11.581          4  0.000e+00
