test_data/proc/CTD03_avg.cnv
* Sea-Bird SBE 9 Data File:
* FileName = D:\ctd\raw\CTD03.hdr
* Software Version Seasave V 7.27.0.46
* Temperature SN = 4695
* Conductivity SN = 0618
* Number of Bytes Per Scan = 40
* Number of Voltage Words = 5
* Number of Scans Averaged by the Deck Unit = 1
* NMEA Latitude = 36 15.03 N
* NMEA Longitude = 066 35.01 W
* NMEA UTC (Time) = Jul 24 2025  09:45:19
* NMEA baud rate = 4800
** Ship: R/V Endeavor
** Cruise: EN734
** Principal Investigators: Bess Ward
** Chief_Scientist: Bess Ward
** Project: Nitrous Oxide Consumption in Surface Waters
** Cruise Start Date: 21 July 2025
** Ports: Narragansett to Narragansett, Rhode Island
** Bottom Depth:
** Operator:
# nquan = 22
# nvalues = 1921                        
# units = specified
# name 0 = scan: Scan Count
# name 1 = timeJ: Julian Days
# name 2 = timeS: Time, Elapsed [seconds]
# name 3 = prDM: Pressure, Digiquartz [db]
# name 4 = t090C: Temperature [ITS-90, deg C]
# name 5 = t190C: Temperature, 2 [ITS-90, deg C]
# name 6 = T2-T190C: Temperature Difference, 2 - 1 [ITS-90, deg C]
# name 7 = c0S/m: Conductivity [S/m]
# name 8 = c1S/m: Conductivity, 2 [S/m]
# name 9 = altM: Altimeter [m]
# name 10 = pumps: Pump Status
# name 11 = C2-C1S/m: Conductivity Difference, 2 - 1 [S/m]
# name 12 = depSM: Depth [salt water, m]
# name 13 = depSM: Depth [salt water, m], lat = 36.2505
# name 14 = sal00: Salinity, Practical [PSU]
# name 15 = sigma-é00: Density [sigma-theta, kg/m^3]
# name 16 = potemp090C: Potential Temperature [ITS-90, deg C]
# name 17 = svCM: Sound Velocity [Chen-Millero, m/s]
# name 18 = svCM1: Sound Velocity, 2 [Chen-Millero, m/s]
# name 19 = dz/dtM: Descent Rate [m/s], WS = 2
# name 20 = nbin: number of scans per bin
# name 21 = flag: flag
# span 0 =       1976,      51985       
# span 1 = 205.407457, 205.431574       
# span 2 =     82.302,   2166.016       
# span 3 =      8.059,   1951.297       
# span 4 =     4.0416,    27.5183       
# span 5 =     4.0414,    27.5183       
# span 6 =    -0.0068,     0.0433       
# span 7 =   3.342189,   5.757246       
# span 8 =   3.340972,   5.755629       
# span 9 =      -1.58,      44.90       
# span 10 =          1,          1      
# span 11 =  -0.003221,   0.003278      
# span 12 =      8.000,   1928.000      
# span 13 =      8.000,   1928.000      
# span 14 =    34.9828,    36.7672      
# span 15 =    23.5390,    27.7864      
# span 16 =     3.8784,    27.5143      
# span 17 =    1493.48,    1542.05      
# span 18 =    1493.46,    1542.04      
# span 19 =     -0.177,      1.432      
# span 20 =         15,       2520      
# span 21 = 0.0000e+00, 0.0000e+00      
# interval = meters: 1                  
# start_time = Jul 24 2025 09:45:22 [System UTC, header]
# bad_flag = -9.990e-29
*END*
[from data line 1449]
      40520 205.426045   1688.276   1472.945     4.7723     4.7707    -0.0016   3.391854   3.390505       0.84          1  -0.001421   1457.000   1457.000    35.0248    27.7357     4.6459    1494.16    1494.14      0.911         26 0.0000e+00
      40547 205.426058   1689.424   1473.959     4.7771     4.7703    -0.0068   3.392417   3.390488       0.70          1  -0.001909   1458.000   1458.000    35.0258    27.7359     4.6506    1494.20    1494.15      0.942         27 0.0000e+00
      40571 205.426070   1690.419   1474.974     4.7868     4.7879     0.0011   3.393541   3.392537       0.79          1  -0.001325   1459.000   1459.000    35.0281    27.7367     4.6601    1494.26    1494.25      1.115         21 0.0000e+00
      40592 205.426080   1691.275   1475.988     4.8162     4.8143    -0.0019   3.396741   3.395347       0.90          1  -0.001522   1460.000   1460.000    35.0340    27.7381     4.6890    1494.40    1494.38      1.193         19 0.0000e+00
      40612 205.426090   1692.140   1477.003     4.8226     4.8221    -0.0006   3.397476   3.396214       0.65          1  -0.001287   1461.000   1461.000    35.0353    27.7384     4.6952    1494.45    1494.43      1.067         23 0.0000e+00
      40639 205.426103   1693.264   1478.017     4.8213     4.8211    -0.0002   3.397408   3.396180       0.89          1  -0.001225   1462.000   1462.000    35.0354    27.7386     4.6938    1494.46    1494.44      0.819         31 0.0000e+00
      40670 205.426117   1694.536   1479.032     4.8172     4.8180     0.0008   3.397019   3.395872       0.79          1  -0.001091   1463.000   1463.000    35.0346    27.7385     4.6897    1494.46    1494.45      0.940         25 0.0000e+00
      40692 205.426128   1695.458   1480.046     4.8106     4.8106     0.0000   3.396363   3.395167       0.85          1  -0.001199   1464.000   1464.000    35.0336    27.7384     4.6830    1494.45    1494.43      1.215         18 0.0000e+00
      40710 205.426137   1696.228   1481.061     4.8145     4.8138    -0.0006   3.396837   3.395564       0.59          1  -0.001316   1465.000   1465.000    35.0344    27.7387     4.6868    1494.48    1494.46      1.318         20 0.0000e+00
      40729 205.426146   1696.994   1482.076     4.8177     4.8168    -0.0009   3.397227   3.395935       0.68          1  -0.001347   1466.000   1466.000    35.0351    27.7388     4.6899    1494.51    1494.49      1.238         20 0.0000e+00
      40751 205.426156   1697.921   1483.090     4.8159     4.8151    -0.0008   3.397080   3.395789       0.61          1  -0.001227   1467.000   1467.000    35.0347    27.7388     4.6880    1494.52    1494.50      0.932         26 0.0000e+00
      40785 205.426173   1699.326   1484.105     4.8150     4.8116    -0.0033   3.397050   3.395477       0.85          1  -0.001578   1468.000   1468.000    35.0349    27.7390     4.6870    1494.54    1494.50      0.716         34 0.0000e+00
      40813 205.426186   1700.509   1485.119     4.8094     4.8097     0.0002   3.396481   3.395316       0.67          1  -0.001141   1469.000   1469.000    35.0336    27.7387     4.6814    1494.53    1494.51      1.074         21 0.0000e+00
      40833 205.426196   1701.338   1486.134     4.8070     4.8066    -0.0004   3.396267   3.395030       0.71          1  -0.001239   1470.000   1470.000    35.0332    27.7386     4.6789    1494.54    1494.52      1.262         19 0.0000e+00
      40852 205.426205   1702.116   1487.148     4.8084     4.8081    -0.0003   3.396472   3.395267       0.55          1  -0.001279   1471.000   1471.000    35.0337    27.7388     4.6802    1494.56    1494.54      1.292         18 0.0000e+00
      40871 205.426214   1702.914   1488.163     4.8179     4.8173    -0.0005   3.397583   3.396342       0.71          1  -0.001346   1472.000   1472.000    35.0361    27.7397     4.6895    1494.62    1494.60      1.210         21 0.0000e+00
      40893 205.426225   1703.813   1489.177     4.8310     4.8299    -0.0012   3.399069   3.397743       0.60          1  -0.001408   1473.000   1473.000    35.0390    27.7405     4.7024    1494.69    1494.67      1.032         23 0.0000e+00
      40920 205.426238   1704.951   1490.192     4.8342     4.8337    -0.0005   3.399464   3.398201       0.83          1  -0.001262   1474.000   1474.000    35.0398    27.7408     4.7054    1494.72    1494.70      0.813         31 0.0000e+00
      40951 205.426253   1706.251   1491.206     4.8331     4.8327    -0.0004   3.399413   3.398159       0.92          1  -0.001263   1475.000   1475.000    35.0398    27.7409     4.7043    1494.73    1494.71      0.867         28 0.0000e+00
      40975 205.426265   1707.267   1492.221     4.8333     4.8330    -0.0002   3.399474   3.398238       0.48          1  -0.001243   1476.000   1476.000    35.0399    27.7410     4.7043    1494.75    1494.73      1.126         20 0.0000e+00
      40995 205.426274   1708.093   1493.236     4.8315     4.8314    -0.0001   3.399363   3.398139       0.72          1  -0.001203   1477.000   1477.000    35.0399    27.7412     4.7025    1494.76    1494.74      1.261         20 0.0000e+00
      41014 205.426283   1708.885   1494.250     4.8297     4.8294    -0.0003   3.399231   3.397997       0.83          1  -0.001232   1478.000   1478.000    35.0398    27.7414     4.7005    1494.77    1494.75      1.221         19 0.0000e+00
      41036 205.426294   1709.783   1495.265     4.8293     4.8289    -0.0004   3.399241   3.397996      26.29          1  -0.001242   1479.000   1479.000    35.0399    27.7415     4.7000    1494.79    1494.77      1.025         24 0.0000e+00
      41062 205.426307   1710.891   1496.279     4.8279     4.8276    -0.0003   3.399162   3.397927       0.70          1  -0.001235   1480.000   1480.000    35.0399    27.7417     4.6986    1494.80    1494.78      0.922         28 0.0000e+00
      41088 205.426319   1711.945   1497.294     4.8277     4.8273    -0.0004   3.399189   3.397945       0.58          1  -0.001237   1481.000   1481.000    35.0400    27.7418     4.6983    1494.82    1494.80      1.017         23 0.0000e+00
      41111 205.426330   1712.906   1498.308     4.8256     4.8252    -0.0003   3.399081   3.397840       0.69          1  -0.001222   1482.000   1482.000    35.0404    27.7424     4.6961    1494.82    1494.80      1.070         22 0.0000e+00
      41133 205.426341   1713.849   1499.323     4.8214     4.8209    -0.0005   3.398832   3.397578       0.71          1  -0.001251   1483.000   1483.000    35.0414    27.7436     4.6919    1494.83    1494.81      1.065         23 0.0000e+00
      41157 205.426352   1714.815   1500.338     4.8205     4.8201    -0.0005   3.398796   3.397551       0.64          1  -0.001244   1484.000   1484.000    35.0414    27.7437     4.6909    1494.84    1494.82      1.031         24 0.0000e+00
      41181 205.426364   1715.815   1501.352     4.8195     4.8193    -0.0002   3.398726   3.397507       0.74          1  -0.001222   1485.000   1485.000    35.0412    27.7437     4.6898    1494.85    1494.83      1.029         24 0.0000e+00
      41204 205.426375   1716.783   1502.367     4.8182     4.8187     0.0005   3.398638   3.397484       0.71          1  -0.001147   1486.000   1486.000    35.0411    27.7438     4.6884    1494.86    1494.85      1.059         23 0.0000e+00
      41227 205.426386   1717.739   1503.381     4.8134     4.8151     0.0018   3.398174   3.397129       0.68          1  -0.000945   1487.000   1487.000    35.0402    27.7437     4.6835    1494.86    1494.85      1.037         23 0.0000e+00
      41251 205.426398   1718.750   1504.396     4.7963     4.8000     0.0038   3.396438   3.395607      21.43          1  -0.000782   1488.000   1488.000    35.0376    27.7435     4.6665    1494.80    1494.80      0.999         22 0.0000e+00
      41275 205.426409   1719.750   1505.411     4.7900     4.7866    -0.0033   3.395836   3.394270       5.03          1  -0.001526   1489.000   1489.000    35.0367    27.7435     4.6602    1494.79    1494.76      1.037         23 0.0000e+00
      41298 205.426420   1720.703   1506.425     4.7913     4.7920     0.0007   3.396015   3.394898       0.83          1  -0.001172   1490.000   1490.000    35.0369    27.7435     4.6614    1494.81    1494.80      1.074         24 0.0000e+00
      41320 205.426431   1721.643   1507.440     4.7762     4.7780     0.0017   3.394455   3.393384       0.76          1  -0.000815   1491.000   1491.000    35.0341    27.7430     4.6464    1494.77    1494.75      1.049         23 0.0000e+00
      41344 205.426442   1722.635   1508.455     4.7589     4.7579    -0.0011   3.392721   3.391410       0.67          1  -0.001267   1492.000   1492.000    35.0317    27.7430     4.6292    1494.71    1494.69      1.007         23 0.0000e+00
      41369 205.426454   1723.657   1509.469     4.7555     4.7554    -0.0001   3.392410   3.391210       0.75          1  -0.001173   1493.000   1493.000    35.0311    27.7429     4.6258    1494.71    1494.69      1.025         23 0.0000e+00
      41392 205.426465   1724.617   1510.484     4.7432     4.7436     0.0004   3.391166   3.389999       0.61          1  -0.001053   1494.000   1494.000    35.0292    27.7428     4.6134    1494.68    1494.66      1.058         23 0.0000e+00
      41415 205.426477   1725.580   1511.499     4.7342     4.7340    -0.0002   3.390307   3.389082       0.77          1  -0.001190   1495.000   1495.000    35.0281    27.7429     4.6045    1494.66    1494.64      1.042         23 0.0000e+00
      41439 205.426488   1726.568   1512.513     4.7313     4.7307    -0.0006   3.390049   3.388790       0.61          1  -0.001242   1496.000   1496.000    35.0276    27.7429     4.6016    1494.66    1494.64      1.021         24 0.0000e+00
      41463 205.426500   1727.565   1513.528     4.7280     4.7267    -0.0013   3.389750   3.388418       0.60          1  -0.001318   1497.000   1497.000    35.0271    27.7428     4.5982    1494.66    1494.64      1.026         23 0.0000e+00
      41486 205.426511   1728.535   1514.543     4.7288     4.7287    -0.0001   3.389867   3.388679       0.87          1  -0.001205   1498.000   1498.000    35.0272    27.7429     4.5988    1494.68    1494.66      1.073         23 0.0000e+00
      41508 205.426521   1729.455   1515.557     4.7276     4.7274    -0.0002   3.389821   3.388601      21.10          1  -0.001226   1499.000   1499.000    35.0274    27.7431     4.5976    1494.69    1494.68      1.126         21 0.0000e+00
      41529 205.426532   1730.353   1516.572     4.7316     4.7314    -0.0002   3.390337   3.389118       8.55          1  -0.001233   1500.000   1500.000    35.0287    27.7438     4.6014    1494.73    1494.71      1.089         22 0.0000e+00
      41553 205.426543   1731.346   1517.587     4.7308     4.7301    -0.0007   3.390288   3.389020       1.18          1  -0.001259   1501.000   1501.000    35.0285    27.7437     4.6005    1494.74    1494.72      0.939         26 0.0000e+00
      41581 205.426557   1732.520   1518.601     4.7264     4.7255    -0.0008   3.389891   3.388597       0.64          1  -0.001274   1502.000   1502.000    35.0281    27.7438     4.5961    1494.74    1494.72      0.878         27 0.0000e+00
      41608 205.426570   1733.612   1519.616     4.7262     4.7259    -0.0003   3.389931   3.388701       0.60          1  -0.001251   1503.000   1503.000    35.0282    27.7440     4.5958    1494.76    1494.74      0.998         25 0.0000e+00
      41631 205.426581   1734.568   1520.631     4.7400     4.7379    -0.0022   3.391514   3.390126       0.75          1  -0.001577   1504.000   1504.000    35.0315    27.7451     4.6094    1494.83    1494.81      1.100         22 0.0000e+00
      41652 205.426591   1735.464   1521.645     4.7496     4.7501     0.0005   3.392571   3.391433       0.56          1  -0.001163   1505.000   1505.000    35.0333    27.7454     4.6187    1494.89    1494.88      1.142         21 0.0000e+00
      41673 205.426601   1736.353   1522.660     4.7480     4.7481     0.0001   3.392457   3.391258      29.80          1  -0.001164   1506.000   1506.000    35.0332    27.7456     4.6170    1494.90    1494.89      1.104         21 0.0000e+00
      41697 205.426612   1737.313   1523.675     4.7467     4.7467     0.0001   3.392375   3.391183       0.65          1  -0.001190   1507.000   1507.000    35.0331    27.7456     4.6156    1494.92    1494.90      1.018         24 0.0000e+00
      41721 205.426624   1738.334   1524.690     4.7479     4.7469    -0.0010   3.392558   3.391250       0.71          1  -0.001328   1508.000   1508.000    35.0335    27.7458     4.6167    1494.94    1494.91      1.032         24 0.0000e+00
      41744 205.426635   1739.272   1525.704     4.7489     4.7484    -0.0004   3.392727   3.391476       0.79          1  -0.001256   1509.000   1509.000    35.0339    27.7460     4.6176    1494.96    1494.94      1.127         21 0.0000e+00
      41764 205.426645   1740.140   1526.719     4.7495     4.7489    -0.0005   3.392810   3.391574       0.72          1  -0.001244   1510.000   1510.000    35.0338    27.7459     4.6181    1494.98    1494.96      1.173         21 0.0000e+00
      41785 205.426655   1741.011   1527.734     4.7501     4.7497    -0.0004   3.392965   3.391720       2.47          1  -0.001259   1511.000   1511.000    35.0344    27.7463     4.6186    1495.00    1494.98      1.104         21 0.0000e+00
      41809 205.426667   1742.020   1528.749     4.7514     4.7512    -0.0001   3.393164   3.391952      42.50          1  -0.001246   1512.000   1512.000    35.0349    27.7466     4.6198    1495.02    1495.00      0.903         27 0.0000e+00
      41840 205.426682   1743.287   1529.763     4.7575     4.7565    -0.0010   3.393902   3.392590      18.78          1  -0.001346   1513.000   1513.000    35.0365    27.7472     4.6258    1495.06    1495.04      0.808         32 0.0000e+00
      41868 205.426695   1744.448   1530.778     4.7606     4.7602    -0.0004   3.394296   3.393055       0.81          1  -0.001256   1514.000   1514.000    35.0374    27.7476     4.6287    1495.10    1495.08      0.984         24 0.0000e+00
      41891 205.426706   1745.396   1531.793     4.7624     4.7620    -0.0004   3.394549   3.393315       0.87          1  -0.001247   1515.000   1515.000    35.0378    27.7477     4.6304    1495.12    1495.10      1.123         21 0.0000e+00
      41911 205.426716   1746.265   1532.808     4.7620     4.7617    -0.0004   3.394564   3.393328       0.68          1  -0.001235   1516.000   1516.000    35.0380    27.7479     4.6299    1495.14    1495.12      1.182         21 0.0000e+00
      41932 205.426726   1747.117   1533.822     4.7619     4.7615    -0.0003   3.394569   3.393351       0.78          1  -0.001226   1517.000   1517.000    35.0377    27.7477     4.6297    1495.15    1495.13      1.161         21 0.0000e+00
      41954 205.426736   1748.026   1534.837     4.7619     4.7613    -0.0006   3.394619   3.393368       0.75          1  -0.001252   1518.000   1518.000    35.0378    27.7478     4.6296    1495.17    1495.15      1.069         20 0.0000e+00
      41977 205.426748   1749.017   1535.852     4.7629     4.7622    -0.0008   3.394790   3.393493       0.76          1  -0.001313   1519.000   1519.000    35.0382    27.7480     4.6305    1495.19    1495.17      1.000         25 0.0000e+00
      42002 205.426760   1750.041   1536.866     4.7679     4.7668    -0.0010   3.395419   3.394098       0.70          1  -0.001353   1520.000   1520.000    35.0398    27.7488     4.6353    1495.23    1495.21      1.008         24 0.0000e+00
      42026 205.426771   1751.038   1537.881     4.7701     4.7690    -0.0011   3.395731   3.394394       0.60          1  -0.001381   1521.000   1521.000    35.0405    27.7491     4.6375    1495.26    1495.23      1.021         23 0.0000e+00
