test_data/proc/CTD02.cnv
* Sea-Bird SBE 9 Data File:
* FileName = D:\ctd\raw\CTD02.hdr
* Software Version Seasave V 7.27.0.46
* Temperature SN = 4695
* Conductivity SN = 0618
* Number of Bytes Per Scan = 40
* Number of Voltage Words = 5
* Number of Scans Averaged by the Deck Unit = 1
* NMEA Latitude = 36 15.00 N
* NMEA Longitude = 066 35.03 W
* NMEA UTC (Time) = Jul 24 2025  08:39:22
* NMEA baud rate = 4800
** Ship: R/V Endeavor
** Cruise: EN734
** Principal Investigators: Bess Ward
** Chief_Scientist: Bess Ward
** Project: Nitrous Oxide Consumption in Surface Waters
** Cruise Start Date: 21 July 2025
** Ports: Narragansett to Narragansett, Rhode Island
** Bottom Depth:
** Operator:  JCH
# nquan = 21                                
# nvalues = 17184                       
# units = specified
# name 0 = scan: Scan Count
# name 1 = timeJ: Julian Days
# name 2 = timeS: Time, Elapsed [seconds]
# name 3 = prDM: Pressure, Digiquartz [db]
# name 4 = t090C: Temperature [ITS-90, deg C]
# name 5 = t190C: Temperature, 2 [ITS-90, deg C]
# name 6 = T2-T190C: Temperature Difference, 2 - 1 [ITS-90, deg C]
# name 7 = c0S/m: Conductivity [S/m]
# name 8 = c1S/m: Conductivity, 2 [S/m]
# name 9 = altM: Altimeter [m]
# name 10 = pumps: Pump Status
# name 11 = C2-C1S/m: Conductivity Difference, 2 - 1 [S/m]
# name 12 = depSM: Depth [salt water, m]
# name 13 = depSM: Depth [salt water, m], lat = 36.25
# name 14 = sal00: Salinity, Practical [PSU]
# name 15 = sigma-é00: Density [sigma-theta, kg/m^3]
# name 16 = potemp090C: Potential Temperature [ITS-90, deg C]
# name 17 = svCM: Sound Velocity [Chen-Millero, m/s]
# name 18 = svCM1: Sound Velocity, 2 [Chen-Millero, m/s]
# name 19 = dz/dtM: Descent Rate [m/s], WS = 2
# name 20 = flag: flag
# span 0 =          1,      17184       
# span 1 = 205.360706, 205.368993       
# span 2 =      0.000,    715.958       
# span 3 =      3.004,     50.604       
# span 4 =    23.4280,    27.5336       
# span 5 =    23.4308,    27.5333       
# span 6 =    -0.2622,     0.5878       
# span 7 =   5.362560,   5.759048       
# span 8 =   5.361011,   5.757635       
# span 9 =       0.00,     100.00       
# span 10 =          1,          1      
# span 11 =  -0.034655,   0.051160      
# span 12 =      2.920,     50.252      
# span 13 =      2.982,     50.227      
# span 14 =    36.2889,    36.6748      
# span 15 =    23.5229,    25.0747      
# span 16 =    23.4175,    27.5324      
# span 17 =    1533.20,    1542.08      
# span 18 =    1533.18,    1542.07      
# span 19 =     -0.736,      0.809      
# span 20 = 0.0000e+00, 0.0000e+00      
# interval = seconds: 0.0416667
# start_time = Jul 24 2025 08:39:25 [System UTC, header]
# bad_flag = -9.990e-29
*END*
[from data line 12345]
      12346 205.366659    514.375      4.820    27.5211    27.5214     0.0003   5.756393   5.754736       0.61          1  -0.001718      4.787      4.785    36.3065    23.5343    27.5200    1541.73    1541.72     -0.023 0.0000e+00
      12347 205.366660    514.417      4.819    27.5211    27.5214     0.0003   5.756352   5.754723       0.61          1  -0.001578      4.789      4.784    36.3062    23.5341    27.5200    1541.73    1541.72     -0.015 0.0000e+00
      12348 205.366660    514.458      4.818    27.5213    27.5214     0.0001   5.756335   5.754723       0.51          1  -0.001614      4.787      4.783    36.3059    23.5338    27.5202    1541.73    1541.72     -0.007 0.0000e+00
      12349 205.366661    514.500      4.817    27.5213    27.5210    -0.0003   5.756393   5.754756       0.42          1  -0.001672      4.775      4.782    36.3063    23.5341    27.5202    1541.73    1541.72     -0.000 0.0000e+00
      12350 205.366661    514.542      4.816    27.5215    27.5215     0.0001   5.756449   5.754734       0.42          1  -0.001727      4.765      4.781    36.3066    23.5343    27.5204    1541.73    1541.72      0.007 0.0000e+00
      12351 205.366662    514.583      4.816    27.5213    27.5212    -0.0001   5.756393   5.754722       0.42          1  -0.001627      4.775      4.781    36.3063    23.5341    27.5202    1541.73    1541.72      0.014 0.0000e+00
      12352 205.366662    514.625      4.818    27.5213    27.5214     0.0001   5.756347   5.754687       0.42          1  -0.001626      4.785      4.783    36.3060    23.5339    27.5202    1541.73    1541.72      0.022 0.0000e+00
      12353 205.366663    514.667      4.818    27.5213    27.5212    -0.0001   5.756331   5.754745       0.42          1  -0.001610      4.773      4.783    36.3059    23.5338    27.5202    1541.73    1541.72      0.029 0.0000e+00
      12354 205.366663    514.708      4.819    27.5215    27.5212    -0.0003   5.756360   5.754733       0.42          1  -0.001685      4.764      4.784    36.3060    23.5338    27.5204    1541.73    1541.72      0.036 0.0000e+00
      12355 205.366664    514.750      4.823    27.5211    27.5212     0.0001   5.756401   5.754687       0.42          1  -0.001635      4.777      4.788    36.3066    23.5344    27.5200    1541.73    1541.72      0.043 0.0000e+00
      12356 205.366664    514.792      4.827    27.5213    27.5212    -0.0001   5.756381   5.754750       0.42          1  -0.001660      4.800      4.792    36.3063    23.5341    27.5202    1541.73    1541.72      0.050 0.0000e+00
      12357 205.366665    514.833      4.830    27.5213    27.5212    -0.0001   5.756347   5.754774       0.42          1  -0.001672      4.802      4.795    36.3060    23.5339    27.5202    1541.73    1541.72      0.057 0.0000e+00
      12358 205.366665    514.875      4.833    27.5211    27.5212     0.0001   5.756363   5.754734       0.42          1  -0.001590      4.792      4.798    36.3063    23.5342    27.5200    1541.73    1541.72      0.063 0.0000e+00
      12359 205.366666    514.917      4.836    27.5213    27.5214     0.0001   5.756373   5.754722       0.42          1  -0.001598      4.791      4.801    36.3062    23.5340    27.5202    1541.73    1541.72      0.069 0.0000e+00
      12360 205.366666    514.958      4.840    27.5215    27.5212    -0.0003   5.756339   5.754721       0.54          1  -0.001618      4.793      4.804    36.3058    23.5337    27.5204    1541.73    1541.72      0.075 0.0000e+00
      12361 205.366667    515.000      4.845    27.5213    27.5212    -0.0001   5.756367   5.754686       0.66          1  -0.001647      4.805      4.809    36.3062    23.5340    27.5202    1541.73    1541.72      0.081 0.0000e+00
      12362 205.366667    515.042      4.851    27.5213    27.5212    -0.0001   5.756372   5.754710       0.68          1  -0.001652      4.816      4.815    36.3062    23.5340    27.5202    1541.73    1541.72      0.087 0.0000e+00
      12363 205.366668    515.083      4.856    27.5211    27.5214     0.0003   5.756372   5.754722       0.68          1  -0.001697      4.818      4.820    36.3063    23.5342    27.5200    1541.73    1541.72      0.092 0.0000e+00
      12364 205.366668    515.125      4.862    27.5217    27.5212    -0.0005   5.756403   5.754721       0.68          1  -0.001681      4.820      4.826    36.3061    23.5338    27.5206    1541.73    1541.72      0.097 0.0000e+00
      12365 205.366669    515.167      4.868    27.5215    27.5210    -0.0005   5.756423   5.754720       0.68          1  -0.001702      4.823      4.832    36.3064    23.5341    27.5204    1541.73    1541.72      0.102 0.0000e+00
      12366 205.366669    515.208      4.875    27.5213    27.5214     0.0001   5.756384   5.754722       0.78          1  -0.001664      4.837      4.839    36.3063    23.5341    27.5202    1541.73    1541.72      0.106 0.0000e+00
      12367 205.366670    515.250      4.882    27.5215    27.5208    -0.0007   5.756339   5.754686       0.88          1  -0.001618      4.852      4.846    36.3058    23.5337    27.5204    1541.73    1541.72      0.110 0.0000e+00
      12368 205.366670    515.292      4.888    27.5215    27.5207    -0.0008   5.756360   5.754605       0.90          1  -0.001639      4.857      4.852    36.3059    23.5338    27.5204    1541.73    1541.72      0.114 0.0000e+00
      12369 205.366671    515.333      4.894    27.5211    27.5201    -0.0010   5.756337   5.754580       0.90          1  -0.001664      4.870      4.858    36.3061    23.5340    27.5200    1541.73    1541.72      0.117 0.0000e+00
      12370 205.366671    515.375      4.900    27.5213    27.5204    -0.0008   5.756401   5.754616       0.90          1  -0.001817      4.882      4.864    36.3064    23.5342    27.5202    1541.73    1541.72      0.121 0.0000e+00
      12371 205.366671    515.417      4.903    27.5211    27.5207    -0.0004   5.756383   5.754628       0.90          1  -0.001801      4.869      4.867    36.3064    23.5343    27.5200    1541.73    1541.72      0.123 0.0000e+00
      12372 205.366672    515.458      4.906    27.5213    27.5204    -0.0008   5.756372   5.754627       0.78          1  -0.001743      4.856      4.870    36.3062    23.5340    27.5202    1541.73    1541.72      0.126 0.0000e+00
      12373 205.366672    515.500      4.911    27.5209    27.5204    -0.0005   5.756400   5.754593       0.63          1  -0.001772      4.858      4.875    36.3067    23.5345    27.5198    1541.73    1541.72      0.128 0.0000e+00
      12374 205.366673    515.542      4.917    27.5211    27.5204    -0.0007   5.756387   5.754581       0.59          1  -0.001759      4.872      4.881    36.3064    23.5343    27.5200    1541.73    1541.72      0.130 0.0000e+00
      12375 205.366673    515.583      4.925    27.5209    27.5203    -0.0007   5.756370   5.754581       0.61          1  -0.001788      4.896      4.889    36.3065    23.5344    27.5198    1541.73    1541.72      0.131 0.0000e+00
      12376 205.366674    515.625      4.931    27.5213    27.5201    -0.0012   5.756305   5.754575       0.61          1  -0.001721      4.900      4.895    36.3057    23.5337    27.5201    1541.73    1541.72      0.132 0.0000e+00
      12377 205.366674    515.667      4.936    27.5211    27.5199    -0.0012   5.756346   5.754612       0.61          1  -0.001763      4.893      4.900    36.3061    23.5341    27.5199    1541.73    1541.72      0.132 0.0000e+00
      12378 205.366675    515.708      4.943    27.5209    27.5197    -0.0012   5.756374   5.754551       0.54          1  -0.001800      4.904      4.907    36.3065    23.5344    27.5197    1541.73    1541.72      0.133 0.0000e+00
      12379 205.366675    515.750      4.950    27.5206    27.5197    -0.0008   5.756339   5.754600       0.49          1  -0.001713      4.916      4.914    36.3065    23.5345    27.5194    1541.73    1541.72      0.132 0.0000e+00
      12380 205.366676    515.792      4.956    27.5204    27.5195    -0.0008   5.756327   5.754550       0.46          1  -0.001799      4.919      4.920    36.3065    23.5346    27.5192    1541.73    1541.72      0.132 0.0000e+00
      12381 205.366676    515.833      4.963    27.5202    27.5199    -0.0003   5.756226   5.754600       0.49          1  -0.001600      4.931      4.927    36.3060    23.5342    27.5190    1541.73    1541.72      0.131 0.0000e+00
      12382 205.366677    515.875      4.969    27.5202    27.5201    -0.0001   5.756259   5.754694       0.49          1  -0.001733      4.943      4.933    36.3062    23.5344    27.5190    1541.73    1541.72      0.131 0.0000e+00
      12383 205.366677    515.917      4.974    27.5202    27.5207     0.0005   5.756288   5.754651       0.49          1  -0.001663      4.934      4.937    36.3064    23.5346    27.5190    1541.73    1541.72      0.130 0.0000e+00
      12384 205.366678    515.958      4.979    27.5202    27.5207     0.0005   5.754762   5.754696       0.59          1  -0.000046      4.927      4.942    36.2955    23.5264    27.5190    1541.72    1541.72      0.128 0.0000e+00
      12385 205.366678    516.000      4.986    27.5198    27.5208     0.0010   5.755489   5.754719       0.71          1  -0.000865      4.951      4.949    36.3010    23.5306    27.5186    1541.72    1541.72      0.126 0.0000e+00
      12386 205.366679    516.042      4.993    27.5198    27.5210     0.0012   5.756149   5.754720       0.73          1  -0.001434      4.974      4.956    36.3057    23.5342    27.5186    1541.73    1541.72      0.124 0.0000e+00
      12387 205.366679    516.083      4.997    27.5198    27.5207     0.0009   5.756237   5.754685       0.73          1  -0.001522      4.964      4.960    36.3063    23.5346    27.5186    1541.73    1541.72      0.122 0.0000e+00
      12388 205.366680    516.125      5.002    27.5198    27.5208     0.0010   5.756275   5.754674       0.73          1  -0.001560      4.953      4.965    36.3066    23.5349    27.5186    1541.73    1541.72      0.119 0.0000e+00
      12389 205.366680    516.167      5.008    27.5196    27.5208     0.0012   5.756278   5.754708       0.73          1  -0.001609      4.966      4.971    36.3068    23.5350    27.5184    1541.73    1541.72      0.116 0.0000e+00
      12390 205.366681    516.208      5.014    27.5193    27.5208     0.0015   5.756214   5.754685       0.61          1  -0.001547      4.981      4.977    36.3066    23.5350    27.5181    1541.73    1541.72      0.113 0.0000e+00
      12391 205.366681    516.250      5.020    27.5194    27.5208     0.0014   5.756126   5.754674       0.49          1  -0.001413      4.986      4.983    36.3059    23.5344    27.5182    1541.73    1541.72      0.109 0.0000e+00
      12392 205.366682    516.292      5.026    27.5196    27.5207     0.0010   5.756178   5.754707       0.49          1  -0.001509      5.000      4.989    36.3061    23.5345    27.5184    1541.73    1541.72      0.105 0.0000e+00
      12393 205.366682    516.333      5.031    27.5191    27.5207     0.0016   5.756192   5.754684       0.49          1  -0.001526      5.011      4.994    36.3066    23.5350    27.5179    1541.73    1541.72      0.102 0.0000e+00
      12394 205.366683    516.375      5.034    27.5193    27.5208     0.0016   5.756160   5.754674       0.49          1  -0.001447      5.000      4.997    36.3062    23.5347    27.5181    1541.73    1541.72      0.097 0.0000e+00
      12395 205.366683    516.417      5.037    27.5193    27.5206     0.0014   5.756151   5.754673       0.49          1  -0.001484      4.989      5.000    36.3061    23.5346    27.5181    1541.73    1541.72      0.093 0.0000e+00
      12396 205.366684    516.458      5.042    27.5193    27.5210     0.0017   5.756181   5.754639       0.59          1  -0.001513      4.999      5.005    36.3063    23.5348    27.5181    1541.73    1541.72      0.088 0.0000e+00
      12397 205.366684    516.500      5.046    27.5194    27.5207     0.0012   5.756198   5.754662       0.68          1  -0.001530      5.012      5.009    36.3064    23.5348    27.5182    1541.73    1541.72      0.082 0.0000e+00
      12398 205.366685    516.542      5.051    27.5194    27.5207     0.0012   5.756193   5.754638       0.71          1  -0.001571      5.017      5.014    36.3063    23.5348    27.5182    1541.73    1541.72      0.077 0.0000e+00
      12399 205.366685    516.583      5.055    27.5193    27.5204     0.0012   5.756193   5.754661       0.71          1  -0.001526      5.020      5.018    36.3064    23.5349    27.5181    1541.73    1541.72      0.071 0.0000e+00
      12400 205.366685    516.625      5.059    27.5193    27.5201     0.0008   5.756160   5.754603       0.71          1  -0.001538      5.032      5.022    36.3062    23.5347    27.5181    1541.73    1541.72      0.064 0.0000e+00
      12401 205.366686    516.667      5.062    27.5197    27.5201     0.0004   5.756190   5.754580       0.71          1  -0.001522      5.041      5.025    36.3061    23.5345    27.5185    1541.73    1541.72      0.058 0.0000e+00
      12402 205.366686    516.708      5.064    27.5194    27.5201     0.0006   5.756227   5.754614       0.68          1  -0.001650      5.027      5.027    36.3066    23.5349    27.5182    1541.73    1541.72      0.051 0.0000e+00
      12403 205.366687    516.750      5.065    27.5196    27.5204     0.0008   5.756236   5.754626       0.66          1  -0.001659      4.997      5.028    36.3065    23.5348    27.5184    1541.73    1541.72      0.044 0.0000e+00
      12404 205.366687    516.792      5.069    27.5198    27.5203     0.0005   5.756204   5.754661       0.66          1  -0.001580      5.013      5.032    36.3061    23.5345    27.5186    1541.73    1541.72      0.037 0.0000e+00
      12405 205.366688    516.833      5.076    27.5196    27.5204     0.0008   5.756194   5.754672       0.66          1  -0.001571      5.077      5.039    36.3062    23.5346    27.5184    1541.73    1541.72      0.029 0.0000e+00
      12406 205.366688    516.875      5.079    27.5197    27.5201     0.0004   5.756169   5.754636       0.66          1  -0.001501      5.081      5.042    36.3059    23.5344    27.5185    1541.73    1541.72      0.021 0.0000e+00
      12407 205.366689    516.917      5.078    27.5196    27.5199     0.0003   5.756186   5.754550       0.66          1  -0.001517      5.041      5.041    36.3061    23.5345    27.5184    1541.73    1541.72      0.014 0.0000e+00
      12408 205.366689    516.958      5.077    27.5198    27.5199     0.0001   5.756225   5.754566       0.71          1  -0.001600      5.036      5.040    36.3062    23.5346    27.5186    1541.73    1541.72      0.005 0.0000e+00
      12409 205.366690    517.000      5.078    27.5198    27.5199     0.0001   5.756265   5.754613       0.73          1  -0.001741      5.045      5.041    36.3065    23.5348    27.5186    1541.73    1541.72     -0.003 0.0000e+00
      12410 205.366690    517.042      5.077    27.5196    27.5199     0.0003   5.756286   5.754550       0.73          1  -0.001709      5.046      5.040    36.3068    23.5351    27.5184    1541.73    1541.72     -0.011 0.0000e+00
      12411 205.366691    517.083      5.076    27.5197    27.5197     0.0001   5.756215   5.754599       0.73          1  -0.001592      5.044      5.039    36.3062    23.5346    27.5185    1541.73    1541.72     -0.020 0.0000e+00
      12412 205.366691    517.125      5.074    27.5196    27.5199     0.0003   5.756224   5.754624       0.73          1  -0.001699      5.033      5.037    36.3064    23.5347    27.5184    1541.73    1541.72     -0.028 0.0000e+00
      12413 205.366692    517.167      5.073    27.5196    27.5199     0.0003   5.756173   5.754659       0.73          1  -0.001550      5.033      5.036    36.3060    23.5345    27.5184    1541.73    1541.72     -0.037 0.0000e+00
