test_data/proc/CTD01.ros
* Sea-Bird SBE 9 Data File:
* FileName = D:\ctd\raw\CTD01.hdr
* Software Version Seasave V 7.27.0.46
* Temperature SN = 4695
* Conductivity SN = 0618
* Number of Bytes Per Scan = 40
* Number of Voltage Words = 5
* Number of Scans Averaged by the Deck Unit = 1
* NMEA Latitude = 36 40.74 N
* NMEA Longitude = 066 55.59 W
* NMEA UTC (Time) = Jul 23 2025  22:33:38
* NMEA baud rate = 4800
** Ship: R/V Endeavor
** Cruise: EN734
** Principal Investigators: Bess Ward
** Chief_Scientist: Bess Ward
** Project: Nitrous Oxide Consumption in Surface Waters
** Cruise Start Date: 21 July 2025
** Ports: Narragansett to Narragansett, Rhode Island
** Bottom Depth:
** Operator:  JCH
# nquan = 15
# nvalues = 588                                   
# units = specified
# name 0 = scan: Scan Count
# name 1 = timeJ: Julian Days
# name 2 = timeS: Time, Elapsed [seconds]
# name 3 = prDM: Pressure, Digiquartz [db]
# name 4 = t090C: Temperature [ITS-90, deg C]
# name 5 = t190C: Temperature, 2 [ITS-90, deg C]
# name 6 = T2-T190C: Temperature Difference, 2 - 1 [ITS-90, deg C]
# name 7 = c0S/m: Conductivity [S/m]
# name 8 = c1S/m: Conductivity, 2 [S/m]
# name 9 = altM: Altimeter [m]
# name 10 = pumps: Pump Status
# name 11 = C2-C1S/m: Conductivity Difference, 2 - 1 [S/m]
# name 12 = depSM: Depth [salt water, m]
# name 13 = nbf: Bottles Fired
# name 14 = flag:  0.000e+00
# interval = seconds: 0.0416667
# start_time = Jul 23 2025 22:33:41 [System UTC, header]
# bad_flag = -9.990e-29
*END*
[from data line 482]
      16210 204.947875    675.375     11.863    27.4758    27.4755    -0.0003   5.770063   5.768470       0.63          1  -0.001593     11.775         10  0.000e+00
      16211 204.947875    675.417     11.932    27.4754    27.4757     0.0002   5.770054   5.768470       0.61          1  -0.001585     11.844         10  0.000e+00
      16212 204.947876    675.458     11.932    27.4756    27.4755    -0.0001   5.770067   5.768424       0.59          1  -0.001643     11.844         10  0.000e+00
      16213 204.947876    675.500     11.880    27.4756    27.4757     0.0001   5.770059   5.768515       0.59          1  -0.001543     11.792         10  0.000e+00
      16214 204.947877    675.542     11.863    27.4752    27.4755     0.0003   5.770054   5.768470       0.59          1  -0.001585     11.775         10  0.000e+00
      16215 204.947877    675.583     11.932    27.4754    27.4757     0.0002   5.770084   5.768515       0.59          1  -0.001568     11.844         10  0.000e+00
      16216 204.947878    675.625     11.932    27.4756    27.4757     0.0001   5.770096   5.768470       0.61          1  -0.001627     11.844         10  0.000e+00
      16217 204.947878    675.667     11.880    27.4756    27.4757     0.0001   5.770046   5.768470       0.49          1  -0.001576     11.792         10  0.000e+00
      16337 204.947936    680.667     11.933    27.4752    27.4755     0.0003   5.770063   5.768470       0.73          1  -0.001593     11.845         11  0.000e+00
      16338 204.947936    680.708     12.063    27.4752    27.4755     0.0003   5.770054   5.768470       0.81          1  -0.001585     11.973         11  0.000e+00
      16339 204.947937    680.750     11.950    27.4750    27.4755     0.0004   5.770033   5.768470       0.83          1  -0.001564     11.862         11  0.000e+00
      16340 204.947937    680.792     11.933    27.4750    27.4755     0.0004   5.770017   5.768515       0.83          1  -0.001501     11.845         11  0.000e+00
      16341 204.947938    680.833     11.933    27.4750    27.4755     0.0004   5.770075   5.768424       0.81          1  -0.001651     11.845         11  0.000e+00
      16342 204.947938    680.875     12.063    27.4756    27.4755    -0.0001   5.770096   5.768470       0.83          1  -0.001627     11.973         11  0.000e+00
      16343 204.947939    680.917     12.011    27.4754    27.4755     0.0001   5.770080   5.768523       1.17          1  -0.001557     11.922         11  0.000e+00
      16344 204.947939    680.958     12.063    27.4754    27.4757     0.0002   5.770088   5.768470       1.39          1  -0.001618     11.973         11  0.000e+00
      16345 204.947940    681.000     12.063    27.4754    27.4755     0.0001   5.770130   5.768523       1.42          1  -0.001607     11.973         11  0.000e+00
      16346 204.947940    681.042     11.993    27.4754    27.4755     0.0001   5.770142   5.768470       1.42          1  -0.001673     11.905         11  0.000e+00
      16347 204.947941    681.083     12.011    27.4756    27.4755    -0.0001   5.770092   5.768523       1.39          1  -0.001569     11.922         11  0.000e+00
      16348 204.947941    681.125     11.993    27.4754    27.4757     0.0002   5.770059   5.768470       1.37          1  -0.001589     11.905         11  0.000e+00
      16349 204.947942    681.167     11.993    27.4756    27.4755    -0.0001   5.770117   5.768470       0.90          1  -0.001648     11.905         11  0.000e+00
      16350 204.947942    681.208     12.063    27.4760    27.4755    -0.0005   5.770142   5.768515       0.61          1  -0.001627     11.973         11  0.000e+00
      16351 204.947943    681.250     12.011    27.4756    27.4757     0.0001   5.770105   5.768424       0.59          1  -0.001681     11.922         11  0.000e+00
      16352 204.947943    681.292     11.993    27.4756    27.4753    -0.0003   5.770109   5.768515       0.59          1  -0.001594     11.905         11  0.000e+00
      16353 204.947944    681.333     12.063    27.4754    27.4757     0.0002   5.770101   5.768470       0.61          1  -0.001631     11.973         11  0.000e+00
      16354 204.947944    681.375     12.063    27.4756    27.4755    -0.0001   5.770096   5.768515       0.61          1  -0.001581     11.973         11  0.000e+00
      16355 204.947945    681.417     12.011    27.4758    27.4755    -0.0003   5.770130   5.768470       0.93          1  -0.001660     11.922         11  0.000e+00
      16356 204.947945    681.458     11.993    27.4754    27.4755     0.0001   5.770054   5.768568       1.15          1  -0.001486     11.905         11  0.000e+00
      16357 204.947946    681.500     11.993    27.4752    27.4755     0.0003   5.770080   5.768470       1.20          1  -0.001610     11.905         11  0.000e+00
      16358 204.947946    681.542     11.993    27.4750    27.4753     0.0002   5.770034   5.768515       1.17          1  -0.001518     11.905         11  0.000e+00
      16359 204.947947    681.583     12.071    27.4749    27.4753     0.0004   5.770042   5.768424       1.15          1  -0.001618     11.982         11  0.000e+00
      16360 204.947947    681.625     11.994    27.4749    27.4753     0.0004   5.770034   5.768515       1.12          1  -0.001518     11.905         11  0.000e+00
      16361 204.947948    681.667     12.063    27.4749    27.4753     0.0004   5.770046   5.768470       0.71          1  -0.001576     11.973         11  0.000e+00
      16362 204.947948    681.708     11.994    27.4754    27.4753    -0.0002   5.770084   5.768470       0.46          1  -0.001614     11.905         11  0.000e+00
      16363 204.947948    681.750     11.950    27.4752    27.4753     0.0001   5.770063   5.768515       0.42          1  -0.001548     11.862         11  0.000e+00
      16364 204.947949    681.792     12.063    27.4754    27.4753    -0.0002   5.770034   5.768470       0.44          1  -0.001564     11.973         11  0.000e+00
      16365 204.947949    681.833     11.994    27.4750    27.4753     0.0002   5.769983   5.768470       0.44          1  -0.001514     11.905         11  0.000e+00
      16366 204.947950    681.875     11.994    27.4750    27.4755     0.0004   5.770000   5.768470       0.46          1  -0.001530     11.905         11  0.000e+00
      16367 204.947950    681.917     12.071    27.4750    27.4753     0.0002   5.770042   5.768470       1.00          1  -0.001572     11.982         11  0.000e+00
      16368 204.947951    681.958     11.994    27.4750    27.4753     0.0002   5.770067   5.768470       1.34          1  -0.001597     11.905         11  0.000e+00
      16369 204.947951    682.000     11.994    27.4752    27.4755     0.0003   5.770088   5.768470       1.39          1  -0.001618     11.905         11  0.000e+00
      16370 204.947952    682.042     12.011    27.4754    27.4755     0.0001   5.770063   5.768523       1.39          1  -0.001540     11.922         11  0.000e+00
      16371 204.947952    682.083     11.994    27.4754    27.4753    -0.0002   5.770084   5.768515       1.34          1  -0.001568     11.905         11  0.000e+00
      16372 204.947953    682.125     11.994    27.4758    27.4755    -0.0003   5.770096   5.768424       1.34          1  -0.001672     11.905         11  0.000e+00
      16373 204.947953    682.167     11.994    27.4758    27.4755    -0.0003   5.770080   5.768470       0.95          1  -0.001610     11.905         11  0.000e+00
      16374 204.947954    682.208     12.011    27.4761    27.4753    -0.0009   5.770088   5.768470       0.71          1  -0.001618     11.922         11  0.000e+00
      16375 204.947954    682.250     11.994    27.4758    27.4755    -0.0003   5.770159   5.768470       0.68          1  -0.001689     11.905         11  0.000e+00
      16376 204.947955    682.292     11.994    27.4761    27.4753    -0.0009   5.770151   5.768470       0.71          1  -0.001681     11.905         11  0.000e+00
      16377 204.947955    682.333     11.994    27.4760    27.4755    -0.0005   5.770121   5.768470       0.71          1  -0.001652     11.905         11  0.000e+00
      16378 204.947956    682.375     11.950    27.4761    27.4753    -0.0009   5.770167   5.768424       0.71          1  -0.001743     11.862         11  0.000e+00
      16379 204.947956    682.417     11.994    27.4761    27.4753    -0.0009   5.770184   5.768424       0.54          1  -0.001760     11.905         11  0.000e+00
      16380 204.947957    682.458     11.994    27.4765    27.4753    -0.0012   5.770184   5.768470       0.44          1  -0.001714     11.905         11  0.000e+00
      16381 204.947957    682.500     11.994    27.4765    27.4755    -0.0010   5.770163   5.768470       0.42          1  -0.001694     11.905         11  0.000e+00
      16382 204.947958    682.542     11.950    27.4765    27.4753    -0.0012   5.770209   5.768424       0.44          1  -0.001785     11.862         11  0.000e+00
      16383 204.947958    682.583     11.994    27.4763    27.4753    -0.0011   5.770193   5.768424       0.44          1  -0.001768     11.905         11  0.000e+00
      16384 204.947959    682.625     11.933    27.4765    27.4755    -0.0010   5.770213   5.768470       0.46          1  -0.001744     11.845         11  0.000e+00
      16385 204.947959    682.667     11.933    27.4765    27.4753    -0.0012   5.770226   5.768515       0.61          1  -0.001711     11.845         11  0.000e+00
      16507 204.948018    687.750     11.934    27.4763    27.4760    -0.0003   5.770142   5.768568       0.54          1  -0.001574     11.846         12  0.000e+00
      16508 204.948018    687.792     11.882    27.4765    27.4762    -0.0003   5.770172   5.768470       0.54          1  -0.001702     11.794         12  0.000e+00
      16509 204.948019    687.833     11.865    27.4765    27.4762    -0.0003   5.770134   5.768523       0.56          1  -0.001611     11.777         12  0.000e+00
      16510 204.948019    687.875     11.934    27.4765    27.4762    -0.0003   5.770167   5.768515       0.56          1  -0.001652     11.846         12  0.000e+00
      16511 204.948020    687.917     11.865    27.4761    27.4764     0.0002   5.770213   5.768523       0.66          1  -0.001691     11.777         12  0.000e+00
      16512 204.948020    687.958     12.072    27.4763    27.4762    -0.0001   5.770226   5.768569       0.73          1  -0.001658     11.983         12  0.000e+00
      16513 204.948021    688.000     11.994    27.4763    27.4762    -0.0001   5.770209   5.768523       0.73          1  -0.001686     11.906         12  0.000e+00
      16514 204.948021    688.042     12.064    27.4763    27.4762    -0.0001   5.770188   5.768569       0.73          1  -0.001620     11.974         12  0.000e+00
      16515 204.948022    688.083     11.994    27.4765    27.4760    -0.0005   5.770151   5.768523       0.76          1  -0.001628     11.906         12  0.000e+00
      16516 204.948022    688.125     12.012    27.4763    27.4762    -0.0001   5.770205   5.768515       0.73          1  -0.001690     11.923         12  0.000e+00
      16517 204.948023    688.167     11.995    27.4767    27.4762    -0.0005   5.770226   5.768523       0.66          1  -0.001703     11.906         12  0.000e+00
      16518 204.948023    688.208     11.995    27.4767    27.4762    -0.0005   5.770209   5.768568       0.61          1  -0.001641     11.906         12  0.000e+00
      16519 204.948024    688.250     12.064    27.4767    27.4762    -0.0005   5.770188   5.768569       0.61          1  -0.001620     11.974         12  0.000e+00
      16520 204.948024    688.292     12.012    27.4767    27.4762    -0.0005   5.770151   5.768568       0.61          1  -0.001582     11.923         12  0.000e+00
      16521 204.948025    688.333     12.064    27.4769    27.4762    -0.0007   5.770172   5.768523       0.61          1  -0.001649     11.974         12  0.000e+00
      16522 204.948025    688.375     12.064    27.4769    27.4762    -0.0007   5.770163   5.768569       0.61          1  -0.001595     11.974         12  0.000e+00
      16523 204.948026    688.417     12.064    27.4767    27.4764    -0.0003   5.770272   5.768568       0.61          1  -0.001704     11.975         12  0.000e+00
      16524 204.948026    688.458     12.012    27.4771    27.4762    -0.0009   5.770280   5.768515       0.63          1  -0.001765     11.923         12  0.000e+00
      16525 204.948027    688.500     12.064    27.4773    27.4764    -0.0009   5.770234   5.768568       0.63          1  -0.001666     11.975         12  0.000e+00
      16526 204.948027    688.542     12.064    27.4773    27.4760    -0.0012   5.770272   5.768569       0.63          1  -0.001704     11.975         12  0.000e+00
      16527 204.948028    688.583     11.951    27.4773    27.4764    -0.0009   5.770239   5.768568       0.63          1  -0.001670     11.863         12  0.000e+00
      16528 204.948028    688.625     12.254    27.4773    27.4762    -0.0011   5.770226   5.768523       0.63          1  -0.001703     12.163         12  0.000e+00
      16529 204.948029    688.667     12.124    27.4774    27.4762    -0.0012   5.770260   5.768614       0.63          1  -0.001645     12.035         12  0.000e+00
      16530 204.948029    688.708     12.064    27.4773    27.4764    -0.0009   5.770234   5.768568       0.66          1  -0.001666     11.975         12  0.000e+00
      16531 204.948030    688.750     12.072    27.4773    27.4764    -0.0009   5.770239   5.768569       0.66          1  -0.001670     11.983         12  0.000e+00
      16532 204.948030    688.792     12.124    27.4773    27.4764    -0.0009   5.770264   5.768569       0.66          1  -0.001695     12.035         12  0.000e+00
      16533 204.948030    688.833     12.124    27.4771    27.4764    -0.0007   5.770234   5.768614       0.66          1  -0.001620     12.035         12  0.000e+00
      16534 204.948031    688.875     12.064    27.4773    27.4762    -0.0011   5.770226   5.768569       0.66          1  -0.001658     11.975         12  0.000e+00
      16535 204.948031    688.917     12.142    27.4773    27.4762    -0.0011   5.770209   5.768569       0.95          1  -0.001641     12.052         12  0.000e+00
      16536 204.948032    688.958     12.124    27.4773    27.4762    -0.0011   5.770285   5.768569       1.12          1  -0.001716     12.035         12  0.000e+00
      16537 204.948032    689.000     12.124    27.4771    27.4762    -0.0009   5.770280   5.768569       1.15          1  -0.001712     12.035         12  0.000e+00
      16538 204.948033    689.042     12.124    27.4769    27.4762    -0.0007   5.770205   5.768569       1.15          1  -0.001637     12.035         12  0.000e+00
      16539 204.948033    689.083     12.072    27.4769    27.4762    -0.0007   5.770197   5.768614       1.15          1  -0.001583     11.983         12  0.000e+00
      16540 204.948034    689.125     12.124    27.4767    27.4762    -0.0005   5.770188   5.768523       1.15          1  -0.001665     12.035         12  0.000e+00
      16541 204.948034    689.167     12.124    27.4765    27.4762    -0.0003   5.770184   5.768515       1.17          1  -0.001669     12.035         12  0.000e+00
      16542 204.948035    689.208     12.124    27.4767    27.4764    -0.0003   5.770151   5.768523       1.20          1  -0.001628     12.035         12  0.000e+00
      16543 204.948035    689.250     12.142    27.4767    27.4764    -0.0003   5.770172   5.768569       1.20          1  -0.001603     12.052         12  0.000e+00
      16544 204.948036    689.292     12.124    27.4765    27.4762    -0.0003   5.770163   5.768523       1.20          1  -0.001640     12.035         12  0.000e+00
      16545 204.948036    689.333     12.064    27.4767    27.4764    -0.0003   5.770209   5.768568       1.20          1  -0.001641     11.975         12  0.000e+00
